20 80
G      :
0 1 2 3 4 5 6 7 8 9 10 11 12 13 14 15 16 17 18 19 
trans G:
12 4 1 3 6 19 7 18 2 11 17 8 9 0 10 5 13 14 15 16 
12: 4 
4: 9 8 17 11 12 
1: 14 5 10 8 11 
3: 16 15 14 13 11 
6: 15 0 9 8 11 
19: 16 14 13 10 2 
7: 16 14 13 8 2 18 
18: 16 15 13 10 11 7 
2: 16 14 13 10 17 11 7 19 
11: 16 0 9 8 17 2 18 6 3 1 4 
17: 16 13 5 9 8 11 2 4 
8: 16 15 13 10 9 17 11 7 6 1 4 
9: 16 13 5 0 8 17 11 6 4 
0: 15 14 13 5 10 9 11 6 
10: 16 15 14 5 0 8 2 18 19 1 
5: 16 15 14 13 10 0 9 17 1 
13: 16 15 14 5 0 9 8 17 2 18 7 19 3 
14: 16 15 13 5 10 0 2 7 19 3 1 
15: 16 14 13 5 10 0 8 18 6 3 
16: 15 14 13 5 10 9 8 17 11 2 18 7 19 3 
0: 1 
18 

1: 12 11 10 9 0 
36 30 19 44 18 

2: 17 15 14 11 9 
56 4 6 5 7 

3: 19 18 17 16 9 
17 16 15 49 14 

4: 18 13 12 11 9 
26 0 38 25 45 

5: 19 17 16 14 8 
73 60 54 43 13 

6: 19 17 16 11 8 7 
28 57 50 27 8 29 

7: 19 18 16 14 9 6 
79 78 53 42 77 29 

8: 19 17 16 14 10 9 6 5 
66 12 11 9 74 10 8 13 

9: 19 13 12 11 10 8 7 4 3 2 1 
47 3 46 33 75 10 77 45 14 7 44 

10: 19 16 15 12 11 9 8 1 
72 76 24 40 35 75 74 19 

11: 19 18 16 14 12 10 9 6 4 2 1 
68 63 34 32 31 35 33 27 25 5 30 

12: 19 16 15 13 11 10 9 4 1 
69 39 37 1 31 40 46 38 36 

13: 18 17 16 15 14 12 9 4 
61 55 48 20 2 1 3 0 

14: 19 18 17 15 13 11 8 7 5 2 
41 64 58 21 2 32 9 42 43 6 

15: 19 18 17 16 14 13 12 10 2 
67 62 23 22 21 20 37 24 4 

16: 19 18 17 15 13 12 11 10 8 7 6 5 3 
70 52 51 22 48 39 34 76 11 53 50 54 49 

17: 19 18 16 15 14 13 8 6 5 3 2 
59 65 51 23 58 55 12 57 60 15 56 

18: 19 17 16 15 14 13 11 7 4 3 
71 65 52 62 64 61 63 78 26 16 

19: 18 17 16 15 14 12 11 10 9 8 7 6 5 3 
71 59 70 67 41 69 68 72 47 66 79 28 73 17 

degeneracy:6
n:20
counter: 0 0 0 0 0 0 0 0 0 0 0 0 0 0 0 0 0 0 0 0 
counter: 0 0 0 0 0 0 0 0 0 0 0 0 0 0 0 0 0 0 0 0 
counter: 0 0 0 0 0 0 0 0 0 0 0 0 0 0 0 0 0 0 0 0 
counter: 0 0 0 0 0 0 0 0 0 0 0 0 0 0 0 0 0 0 0 0 
counter: 0 0 0 0 0 0 0 0 0 0 0 0 0 0 0 0 0 0 0 0 
counter: 0 0 0 0 0 0 0 0 0 0 0 0 0 0 0 0 0 0 0 0 
counter: 0 0 0 0 0 0 0 0 0 0 0 0 0 0 0 0 0 0 0 0 
counter: 0 0 0 0 0 0 0 0 0 0 0 0 0 0 0 0 0 0 0 0 
counter: 0 0 0 0 0 0 0 0 0 0 0 0 0 0 0 0 0 0 0 0 
diff[9]: 2 
counter: 0 0 1 0 0 0 0 0 0 0 0 0 0 0 0 0 0 0 0 0 
diff[10]: 4 3 
counter: 0 0 1 1 1 0 0 0 0 0 0 0 0 0 0 0 0 0 0 0 
diff[11]: 1 5 
counter: 0 1 1 1 1 1 0 0 0 0 0 0 0 0 0 0 0 0 0 0 
diff[12]: 6 
counter: 0 1 1 1 1 1 1 0 0 0 0 0 0 0 0 0 0 0 0 0 
counter: 0 1 1 1 1 1 1 0 0 0 0 0 0 0 0 0 0 0 0 0 
diff[12]: 6 
counter: 0 1 1 1 1 1 1 0 0 0 0 0 0 0 0 0 0 0 0 0 
counter: 0 1 1 1 1 1 1 0 0 0 0 0 0 0 0 0 0 0 0 0 
counter: 0 1 1 1 1 1 1 0 0 0 0 0 0 0 0 0 0 0 0 0 
diff[11]: 1 5 
counter: 0 1 1 1 1 1 1 0 0 0 0 0 0 0 0 0 0 0 0 0 
counter: 0 0 1 1 1 0 1 0 0 0 0 0 0 0 0 0 0 0 0 0 
counter: 0 0 1 1 1 0 1 0 0 0 0 0 0 0 0 0 0 0 0 0 
diff[14]: 0 
counter: 1 0 1 1 1 0 1 0 0 0 0 0 0 0 0 0 0 0 0 0 
diff[14]: 0 
counter: 1 0 1 1 1 0 1 0 0 0 0 0 0 0 0 0 0 0 0 0 
counter: 2 0 1 1 1 0 1 0 0 0 0 0 0 0 0 0 0 0 0 0 
counter: 2 0 1 1 1 0 1 0 0 0 0 0 0 0 0 0 0 0 0 0 
counter: 2 0 1 1 1 0 1 0 0 0 0 0 0 0 0 0 0 0 0 0 
counter: 3 0 1 1 1 0 1 0 0 0 0 0 0 0 0 0 0 0 0 0 
counter: 3 0 1 1 1 0 1 0 0 0 0 0 0 0 0 0 0 0 0 0 
counter: 4 0 1 1 1 0 1 0 0 0 0 0 0 0 0 0 0 0 0 0 
counter: 4 0 1 1 1 0 1 0 0 0 0 0 0 0 0 0 0 0 0 0 
counter: 4 0 1 1 1 0 1 0 0 0 0 0 0 0 0 0 0 0 0 0 
counter: 4 0 1 1 1 0 1 0 0 0 0 0 0 0 0 0 0 0 0 0 
counter: 5 0 1 1 1 0 1 0 0 0 0 0 0 0 0 0 0 0 0 0 
counter: 5 0 1 1 1 0 1 0 0 0 0 0 0 0 0 0 0 0 0 0 
counter: 6 0 1 1 1 0 1 0 0 0 0 0 0 0 0 0 0 0 0 0 
counter: 6 0 1 1 1 0 1 0 0 0 0 0 0 0 0 0 0 0 0 0 
counter: 6 0 1 1 1 0 1 0 0 0 0 0 0 0 0 0 0 0 0 0 
counter: 7 0 1 1 1 0 1 0 0 0 0 0 0 0 0 0 0 0 0 0 
counter: 7 0 1 1 1 0 1 0 0 0 0 0 0 0 0 0 0 0 0 0 
counter: 8 0 1 1 1 0 1 0 0 0 0 0 0 0 0 0 0 0 0 0 
counter: 8 0 1 1 1 0 1 0 0 0 0 0 0 0 0 0 0 0 0 0 
diff[10]: 4 3 5 
counter: 8 0 1 1 1 1 1 0 0 0 0 0 0 0 0 0 0 0 0 0 
counter: 8 0 1 0 0 1 2 0 0 0 0 0 0 0 0 0 0 0 0 0 
diff[12]: 3 
counter: 8 0 1 1 0 1 2 0 0 0 0 0 0 0 0 0 0 0 0 0 
counter: 9 0 1 1 0 1 2 0 0 0 0 0 0 0 0 0 0 0 0 0 
counter: 9 0 1 1 0 1 2 0 0 0 0 0 0 0 0 0 0 0 0 0 
diff[12]: 3 
counter: 9 0 1 1 0 1 2 0 0 0 0 0 0 0 0 0 0 0 0 0 
counter: 10 0 1 1 0 1 2 0 0 0 0 0 0 0 0 0 0 0 0 0 
counter: 10 0 1 1 0 1 2 0 0 0 0 0 0 0 0 0 0 0 0 0 
counter: 11 0 1 1 0 1 2 0 0 0 0 0 0 0 0 0 0 0 0 0 
counter: 11 0 1 1 0 1 2 0 0 0 0 0 0 0 0 0 0 0 0 0 
counter: 11 0 1 2 0 1 2 0 0 0 0 0 0 0 0 0 0 0 0 0 
counter: 11 0 1 2 0 1 2 0 0 0 0 0 0 0 0 0 0 0 0 0 
counter: 12 0 1 2 0 1 2 0 0 0 0 0 0 0 0 0 0 0 0 0 
counter: 12 0 1 2 0 1 2 0 0 0 0 0 0 0 0 0 0 0 0 0 
counter: 13 0 1 2 0 1 2 0 0 0 0 0 0 0 0 0 0 0 0 0 
counter: 13 0 1 2 0 1 2 0 0 0 0 0 0 0 0 0 0 0 0 0 
counter: 13 0 1 3 0 1 2 0 0 0 0 0 0 0 0 0 0 0 0 0 
counter: 14 0 1 3 0 1 2 0 0 0 0 0 0 0 0 0 0 0 0 0 
counter: 14 0 1 3 0 1 2 0 0 0 0 0 0 0 0 0 0 0 0 0 
counter: 14 0 1 3 0 1 2 0 0 0 0 0 0 0 0 0 0 0 0 0 
counter: 15 0 1 3 0 1 2 0 0 0 0 0 0 0 0 0 0 0 0 0 
counter: 15 0 1 3 0 1 2 0 0 0 0 0 0 0 0 0 0 0 0 0 
counter: 16 0 1 3 0 1 2 0 0 0 0 0 0 0 0 0 0 0 0 0 
counter: 16 0 1 3 0 1 2 0 0 0 0 0 0 0 0 0 0 0 0 0 
diff[10]: 5 
counter: 16 0 1 4 0 1 2 0 0 0 0 0 0 0 0 0 0 0 0 0 
counter: 16 0 1 4 0 0 2 0 0 0 0 0 0 0 0 0 0 0 0 0 
counter: 16 0 1 4 0 0 2 0 0 0 0 0 0 0 0 0 0 0 0 0 
counter: 16 0 1 4 0 0 2 0 0 0 0 0 0 0 0 0 0 0 0 0 
counter: 17 0 1 4 0 0 2 0 0 0 0 0 0 0 0 0 0 0 0 0 
counter: 17 0 1 4 0 0 2 0 0 0 0 0 0 0 0 0 0 0 0 0 
counter: 18 0 1 4 0 0 2 0 0 0 0 0 0 0 0 0 0 0 0 0 
counter: 18 0 1 4 0 0 2 0 0 0 0 0 0 0 0 0 0 0 0 0 
counter: 18 0 1 4 0 0 2 0 0 0 0 0 0 0 0 0 0 0 0 0 
counter: 19 0 1 4 0 0 2 0 0 0 0 0 0 0 0 0 0 0 0 0 
counter: 19 0 1 4 0 0 2 0 0 0 0 0 0 0 0 0 0 0 0 0 
counter: 20 0 1 4 0 0 2 0 0 0 0 0 0 0 0 0 0 0 0 0 
counter: 20 0 1 4 0 0 2 0 0 0 0 0 0 0 0 0 0 0 0 0 
counter: 20 0 1 4 0 0 2 0 0 0 0 0 0 0 0 0 0 0 0 0 
counter: 20 0 1 4 0 0 2 0 0 0 0 0 0 0 0 0 0 0 0 0 
counter: 21 0 1 4 0 0 2 0 0 0 0 0 0 0 0 0 0 0 0 0 
counter: 21 0 1 4 0 0 2 0 0 0 0 0 0 0 0 0 0 0 0 0 
counter: 22 0 1 4 0 0 2 0 0 0 0 0 0 0 0 0 0 0 0 0 
counter: 22 0 1 4 0 0 2 0 0 0 0 0 0 0 0 0 0 0 0 0 
counter: 22 0 1 4 0 0 2 0 0 0 0 0 0 0 0 0 0 0 0 0 
counter: 23 0 1 4 0 0 2 0 0 0 0 0 0 0 0 0 0 0 0 0 
counter: 23 0 1 4 0 0 2 0 0 0 0 0 0 0 0 0 0 0 0 0 
counter: 24 0 1 4 0 0 2 0 0 0 0 0 0 0 0 0 0 0 0 0 
counter: 24 0 1 4 0 0 2 0 0 0 0 0 0 0 0 0 0 0 0 0 
counter: 24 0 1 4 0 0 2 0 0 0 0 0 0 0 0 0 0 0 0 0 
counter: 24 0 1 5 0 0 2 0 0 0 0 0 0 0 0 0 0 0 0 0 
counter: 24 0 1 5 0 0 2 0 0 0 0 0 0 0 0 0 0 0 0 0 
counter: 25 0 1 5 0 0 2 0 0 0 0 0 0 0 0 0 0 0 0 0 
counter: 25 0 1 5 0 0 2 0 0 0 0 0 0 0 0 0 0 0 0 0 
counter: 26 0 1 5 0 0 2 0 0 0 0 0 0 0 0 0 0 0 0 0 
counter: 26 0 1 5 0 0 2 0 0 0 0 0 0 0 0 0 0 0 0 0 
counter: 26 0 1 6 0 0 2 0 0 0 0 0 0 0 0 0 0 0 0 0 
counter: 27 0 1 6 0 0 2 0 0 0 0 0 0 0 0 0 0 0 0 0 
counter: 27 0 1 6 0 0 2 0 0 0 0 0 0 0 0 0 0 0 0 0 
counter: 27 0 1 6 0 0 2 0 0 0 0 0 0 0 0 0 0 0 0 0 
counter: 28 0 1 6 0 0 2 0 0 0 0 0 0 0 0 0 0 0 0 0 
counter: 28 0 1 6 0 0 2 0 0 0 0 0 0 0 0 0 0 0 0 0 
