20 0
degeneracy:0
n:20
dominated:9 6 9 6 6 10 6 7 12 10 11 12 2 14 12 11 15 9 7 6 
elapsed time = 23 msec.
732391
 0 0
 1 0
 2 0
 3 7
 4 251
 5 2354
 6 11205
 7 33519
 8 70415
 9 111017
10 136726
11 134575
12 107020
13 68894
14 35696
15 14688
16 4692
17 1122
18 189
19 20
20 1
degeneracy:0
n:20
0: 6 9 10 11 5 13 14 15 
1: 5 8 10 11 14 
2: 7 10 11 13 14 19 16 17 
3: 11 14 15 16 13 
4: 12 17 8 9 11 
5: 1 0 10 13 14 17 9 15 16 
6: 0 8 15 9 11 
7: 2 8 16 18 13 14 
8: 1 6 7 4 9 10 11 13 17 15 16 
9: 0 8 4 5 6 13 17 11 16 
10: 0 1 2 5 8 16 18 19 14 15 
11: 0 1 2 3 8 4 6 9 16 17 18 
12: 4 
13: 2 5 8 9 0 3 7 14 15 18 19 16 17 
14: 2 3 5 13 0 1 7 10 16 19 15 
15: 3 6 13 0 5 8 10 14 16 18 
16: 3 7 10 11 14 2 5 8 9 13 15 17 19 18 
17: 4 5 8 9 16 2 11 13 
18: 7 10 13 11 15 16 
19: 2 10 13 14 16 
9 6 9 6 6 10 6 7 12 10 11 12 2 14 12 11 15 9 7 6 