node:30
1 2 7 16
1 2 8 16
1 6 7 12 17
3 6 7 12 17
3 7 10 12 17
5 9 11 14 18
2 7 10 16 18
6 7 12 17 18
4 6 13 17 18
5 11 14 17 18
7 10 12 16 17 18
1 8 16 19
0 1 14 16 19
0 9 14 16 19
0 1 12 15 20
3 5 11 17 20
3 6 12 17 20
5 11 17 18 20
6 12 17 18 20
6 13 17 18 20
0 9 13 19 20
1 17 19 20
4 5 9 14 21
3 4 5 17 21
4 5 14 17 21
1 7 12 15 17 21
1 7 12 16 17 21
1 14 16 17 21
3 5 17 20 21
1 12 15 17 20 21
5 8 10 22
5 8 11 22
0 3 5 9 11 22
0 5 9 11 14 22
3 5 10 17 22
3 5 11 17 22
3 10 12 17 22
5 10 14 17 22
5 11 14 17 22
8 11 19 22
0 3 9 11 19 22
0 1 14 19 22
0 9 11 14 19 22
3 11 17 19 22
13 17 19 22
1 14 17 19 22
11 14 17 19 22
3 5 9 21 22
5 9 14 21 22
3 5 17 21 22
1 12 17 21 22
1 14 17 21 22
5 14 17 21 22
2 3 15 23
2 8 15 23
3 4 6 12 17 23
2 4 8 16 18 23
2 8 10 16 18 23
4 6 12 17 18 23
4 8 16 18 19 23
3 4 12 17 21 23
3 12 15 17 21 23
4 12 16 17 21 23
4 14 16 17 21 23
0 1 2 16 24
2 4 16 24
2 10 16 24
0 1 12 16 24
4 5 17 24
4 6 12 17 24
4 6 13 17 24
1 12 16 17 24
5 17 20 24
1 6 12 17 20 24
6 13 17 20 24
0 5 22 24
0 1 12 22 24
5 10 17 22 24
1 12 17 22 24
10 12 17 22 24
10 13 17 22 24
0 2 3 5 25
1 2 8 25
2 4 5 8 18 25
2 5 8 10 18 25
5 8 11 18 25
1 8 19 25
0 3 5 9 11 20 25
3 6 12 20 25
5 9 11 18 20 25
6 12 18 20 25
0 1 19 20 25
0 3 9 11 19 20 25
3 4 5 9 21 25
3 5 9 20 21 25
1 12 20 21 25
3 4 6 12 23 25
2 4 8 18 23 25
2 8 10 18 23 25
4 6 12 18 23 25
4 8 18 19 23 25
3 4 12 21 23 25
0 1 2 24 25
0 2 5 24 25
2 4 5 24 25
2 5 10 24 25
4 6 12 24 25
0 5 20 24 25
0 1 12 20 24 25
1 6 12 20 24 25
8 11 15 26
3 7 9 11 12 15 26
0 9 12 16 26
0 9 14 16 26
3 7 11 12 15 17 26
7 9 11 12 18 26
4 9 13 18 26
4 8 16 18 26
4 9 12 16 18 26
7 9 12 16 18 26
4 9 14 16 18 26
7 11 12 17 18 26
4 13 17 18 26
4 12 16 17 18 26
7 12 16 17 18 26
4 14 16 17 18 26
0 9 13 20 26
0 3 9 11 12 15 20 26
3 11 12 15 17 20 26
3 7 9 12 15 21 26
4 9 12 16 21 26
7 9 12 16 21 26
4 9 14 16 21 26
3 4 12 17 21 26
3 7 12 15 17 21 26
4 12 16 17 21 26
7 12 16 17 21 26
4 14 16 17 21 26
3 9 12 15 20 21 26
3 12 15 17 20 21 26
8 11 22 26
0 3 9 11 12 22 26
0 9 11 14 22 26
3 11 12 17 22 26
11 14 17 22 26
3 9 12 21 22 26
9 14 21 22 26
3 12 17 21 22 26
14 17 21 22 26
0 12 16 24 26
4 13 17 24 26
4 12 16 17 24 26
0 13 20 24 26
0 12 22 24 26
12 17 22 24 26
13 17 22 24 26
4 8 18 25 26
4 9 12 18 25 26
0 3 9 11 12 20 25 26
3 4 9 12 21 25 26
3 9 12 20 21 25 26
4 12 24 25 26
0 12 20 24 25 26
9 11 14 18 19 27
11 14 17 18 19 27
3 11 17 19 20 27
9 13 18 19 20 27
11 17 18 19 20 27
13 17 18 19 20 27
8 10 16 18 23 27
8 16 18 19 23 27
10 13 17 24 27
10 12 16 17 24 27
8 11 18 19 25 27
3 9 11 19 20 25 27
9 11 18 19 20 25 27
8 10 18 23 25 27
8 18 19 23 25 27
10 12 24 25 27
9 11 14 18 26 27
8 16 18 26 27
9 12 16 18 26 27
9 14 16 18 26 27
11 14 17 18 26 27
12 16 17 18 26 27
14 16 17 18 26 27
3 11 12 17 20 26 27
9 13 18 20 26 27
11 12 17 18 20 26 27
13 17 18 20 26 27
12 16 17 24 26 27
12 17 20 24 26 27
13 17 20 24 26 27
8 11 18 25 26 27
3 9 11 12 20 25 26 27
9 11 12 18 20 25 26 27
12 20 24 25 26 27
2 3 4 28
2 4 8 28
2 3 7 10 28
2 8 10 28
0 1 2 15 28
0 2 3 15 28
1 2 7 15 28
2 3 7 15 28
1 2 8 15 28
4 8 19 28
3 4 9 19 28
4 9 13 19 28
3 10 22 28
8 10 22 28
0 1 19 22 28
1 8 19 22 28
0 3 9 19 22 28
0 9 13 19 22 28
0 1 2 24 28
0 2 13 24 28
2 4 13 24 28
2 10 13 24 28
0 1 22 24 28
10 13 22 24 28
4 8 26 28
3 4 9 26 28
4 9 13 26 28
8 15 26 28
0 3 9 15 26 28
3 7 9 15 26 28
8 22 26 28
0 3 9 22 26 28
0 9 13 22 26 28
4 13 24 26 28
0 13 22 24 26 28
3 10 27 28
8 10 27 28
8 19 27 28
3 9 19 27 28
9 13 19 27 28
10 13 24 27 28
8 26 27 28
3 9 26 27 28
9 13 26 27 28
13 24 26 27 28
1 2 16 29
3 4 5 17 29
3 5 10 17 29
1 12 16 17 29
2 4 13 18 29
2 10 13 18 29
4 5 9 14 18 29
4 9 12 16 18 29
4 5 14 17 18 29
5 10 14 17 18 29
1 14 16 17 19 29
4 9 13 18 19 29
4 9 14 16 18 19 29
4 13 17 18 19 29
3 4 12 17 23 29
2 4 16 18 23 29
2 10 16 18 23 29
4 12 16 17 18 23 29
3 4 17 19 23 29
4 14 16 17 18 19 23 29
1 2 25 29
2 3 4 5 25 29
3 4 5 9 25 29
2 3 5 10 25 29
1 12 25 29
3 4 9 12 25 29
2 4 5 18 25 29
4 5 9 18 25 29
2 5 10 18 25 29
4 9 12 18 25 29
1 19 25 29
3 4 9 19 25 29
4 9 18 19 25 29
2 3 4 23 25 29
2 3 10 23 25 29
3 4 12 23 25 29
2 4 18 23 25 29
2 10 18 23 25 29
4 12 18 23 25 29
3 4 19 23 25 29
4 18 19 23 25 29
9 12 16 18 27 29
10 13 17 18 27 29
9 13 18 19 27 29
9 14 16 18 19 27 29
13 17 18 19 27 29
3 10 12 17 23 27 29
10 12 16 17 18 23 27 29
10 14 16 17 18 23 27 29
3 17 19 23 27 29
14 16 17 18 19 23 27 29
3 9 12 25 27 29
9 12 18 25 27 29
3 9 19 25 27 29
9 18 19 25 27 29
3 10 12 23 25 27 29
10 12 18 23 25 27 29
3 19 23 25 27 29
18 19 23 25 27 29
301