100 100
34 99 1
58 83 1
7 99 1
56 84 1
84 96 1
12 85 1
4 70 1
28 81 1
41 94 1
55 57 1
29 99 1
1 28 1
80 87 1
94 97 1
59 62 1
22 97 1
25 32 1
55 94 1
36 54 1
32 53 1
47 84 1
33 77 1
30 83 1
3 39 1
36 75 1
28 73 1
70 77 1
52 89 1
56 61 1
85 90 1
40 93 1
26 83 1
33 41 1
6 17 1
1 23 1
13 49 1
39 73 1
37 59 1
49 80 1
14 88 1
69 83 1
48 91 1
45 75 1
5 10 1
16 87 1
59 77 1
78 81 1
4 86 1
18 86 1
51 79 1
22 94 1
29 52 1
26 38 1
17 82 1
65 75 1
7 94 1
17 22 1
25 27 1
35 80 1
41 96 1
38 85 1
74 91 1
31 61 1
29 35 1
23 55 1
20 42 1
18 27 1
38 42 1
25 94 1
7 25 1
21 98 1
9 74 1
23 85 1
48 89 1
77 97 1
16 23 1
36 43 1
19 23 1
38 62 1
7 43 1
26 79 1
60 100 1
50 56 1
44 57 1
41 42 1
47 98 1
9 47 1
40 97 1
37 50 1
87 99 1
43 86 1
21 47 1
58 81 1
84 98 1
39 80 1
69 77 1
48 67 1
75 100 1
4 34 1
4 28 1