100 100
8 58 1
15 44 1
43 60 1
21 92 1
24 87 1
4 81 1
36 49 1
49 98 1
3 96 1
30 63 1
91 95 1
61 78 1
66 84 1
14 100 1
97 98 1
23 96 1
56 97 1
61 75 1
38 85 1
27 39 1
67 88 1
19 43 1
79 85 1
45 65 1
27 54 1
21 77 1
71 92 1
57 88 1
50 56 1
37 84 1
4 15 1
7 83 1
51 62 1
19 76 1
22 58 1
46 49 1
22 28 1
88 94 1
70 91 1
32 71 1
22 82 1
33 78 1
9 56 1
23 30 1
60 78 1
5 21 1
37 62 1
13 16 1
38 73 1
52 71 1
88 99 1
2 78 1
36 55 1
69 100 1
24 28 1
49 81 1
25 36 1
18 89 1
59 64 1
57 70 1
53 84 1
62 95 1
53 65 1
1 77 1
3 87 1
44 54 1
15 88 1
47 83 1
50 75 1
20 87 1
9 70 1
9 52 1
17 84 1
37 61 1
47 64 1
15 97 1
29 33 1
29 65 1
37 85 1
62 75 1
12 41 1
11 99 1
75 78 1
70 76 1
2 92 1
13 77 1
23 49 1
45 92 1
21 100 1
15 72 1
6 52 1
74 77 1
14 70 1
56 93 1
87 90 1
53 82 1
34 100 1
74 97 1
47 53 1
89 93 1