150
82 50
28 126
7 22
136 11
134 84
109 24
113 73
68 44
66 19
30 96
106 46
126 149
1 116
66 116
28 42
91 133
37 60
104 74
6 75
120 127
111 54
133 115
24 3
89 75
35 148
49 146
29 50
37 74
145 127
34 121
5 35
107 99
24 18
36 104
29 127
141 10
6 71
128 67
85 107
125 26
39 36
125 121
20 127
74 103
123 68
30 128
80 29
45 25
80 38
4 87
70 100
54 59
0 30
145 16
53 11
22 85
62 17
118 107
59 111
140 23
53 73
90 78
77 120
38 69
24 67
9 2
33 73
62 6
115 104
49 5
76 41
30 89
44 25
123 106
108 58
135 144
90 21
10 26
80 44
94 90
3 108
41 54
122 47
125 106
103 67
43 106
52 46
98 44
118 81
30 87
51 87
32 49
11 81
148 141
131 64
58 140
69 53
98 47
48 22
40 81
22 126
82 57
106 28
104 28
16 6
78 135
113 148
135 35
92 22
10 131
122 50
34 94
96 57
124 37
62 131
97 83
112 135
130 139
60 77
125 42
102 133
54 38
41 119
14 122
135 100
93 44
40 66
32 131
52 27
68 59
86 62
72 65
76 105
40 110
23 56
73 128
133 61
121 87
119 116
14 75
98 104
28 149
117 15
94 45
137 2
102 49
40 80
75 73
72 134
114 99
125 113
5 67
128 44
87 111
68 132
95 7
49 19
111 32
147 67
62 42
55 118
21 109
121 71
103 21
124 130
5 27
78 31
7 52
23 142
33 1
8 96
139 37
23 114
64 22
69 1
89 142
43 131
89 58
103 65
108 1
111 36
121 130
16 76
6 30
29 98
16 20
27 62
53 30
132 104
49 12
138 51
21 128
143 121
4 110
147 127
71 148
35 96
130 39
135 74
109 15
119 54
40 0
17 29
0 79
6 142
46 75
82 48
72 124
130 115
50 46
23 1
72 10
75 10
95 56
15 111
41 52
138 36
34 63
112 131
121 26
92 5
85 99
144 12
14 64
61 3
111 9
17 89
95 147
31 58
96 55
80 130
43 16
48 69
2 29
140 132
92 45
63 75
17 79
36 58
12 57
100 29
117 3
126 17
104 116
81 75
101 93
86 88
120 29
19 92
40 99
69 90
147 27
20 63
42 146
45 3
102 3
60 127
116 84
34 18
94 48
7 99
143 124
100 52
135 8
91 102
73 104
126 119
94 99
119 24
42 0
22 118
47 45
25 79
63 111
18 36
18 32
108 66
98 103
119 10
88 64
29 85
146 60
124 9
137 99
62 128
53 66
50 18
53 68
94 95
37 45
9 3
146 54
57 144
118 20
139 95
139 78
39 79
28 119
108 40
110 121
131 135
18 67
1 135
4 21
81 120
76 68
47 21
25 138
42 106
103 61
129 56
119 58
136 125
40 138
37 130
51 8
96 104
104 39
146 31
145 6
78 8
30 112
8 110
66 26
67 45
38 142
109 3
61 84
61 55
55 59
144 14
15 7
104 131
119 118
120 74
109 49
103 39
72 63
54 98
43 113
1 38
49 77
102 104
7 110
103 69
55 9
125 111
99 30
59 67
79 64
75 37
143 144
60 32
17 45
7 48
129 30
12 38
13 76
82 141
92 67
120 11
35 45
85 146
116 141
54 94
52 98
86 132
66 22
40 127
69 138
91 85
95 20
115 85
10 35
85 17
40 34
78 125
12 35
108 88
120 87
76 34
147 76
98 87
22 42
67 70
13 60
92 124
135 6
146 16
23 115
5 74
26 62
135 117
23 95
59 53
73 125
65 131
40 19
11 42
126 12
116 148
33 135
126 23
43 70
46 115
74 0
145 115
38 95
107 123
68 130
129 127
50 32
43 85
0 110
149 86
41 24
53 98
50 56
103 90
55 139
145 109
34 114
72 121
135 118
2 116
67 129
19 147
117 118
94 101
81 69
137 66
2 122
43 34
30 77
87 17
45 46
132 139
3 15
133 120
123 22
14 30
79 3
131 89
79 109
43 15
16 1
20 25
18 46
24 130
127 100
82 109
42 9
4 148
125 141
119 55
1 67
55 62
108 50
122 116
46 145
81 78
103 113
140 31
123 15
120 129
63 92
101 7
2 93
35 37
141 69
137 95
145 11
3 58
130 110
31 40
11 8
141 145
84 44
76 140
99 29
79 92
19 42
64 122
86 94
67 95
66 8
32 112
36 55
34 45
122 53
78 73
73 14
6 119
4 145
117 13
116 112
34 25
4 85
102 11
66 74
97 41
120 111
104 114
88 28
142 74
119 104
80 105
84 26
97 141
49 51
125 102
122 18
94 52
40 53
102 80
66 134
30 79
66 42
99 127
59 4
20 4
93 30
144 40
14 78
75 62
47 13
19 14
99 43
42 29
40 91
2 132
143 57
25 24
75 136
105 24
55 56
99 54
4 109
24 141
25 55
100 17
88 59
148 133
16 0
107 134
103 60
80 101
83 135
43 40
33 65
81 24
69 145
50 93
16 118
131 33
68 72
52 76
109 41
131 51
106 107
127 137
93 125
98 140
59 143
83 48
2 98
70 6
69 5
110 126
139 105
13 8
98 139
66 10
132 54
63 31
107 47
89 129
56 132
119 70
47 130
93 133
22 84
100 148
87 127
90 66
80 23
137 132
19 20
55 49
52 114
144 5
104 10
45 115
23 112
97 95
119 2
24 118
41 57
0 46
25 58
19 132
142 87
135 55
66 41
37 135
124 47
24 94
147 100
64 139
145 91
46 62
21 130
45 134
82 95
5 106
67 48
24 125
59 65
29 57
93 89
72 122
83 117
73 117
144 100
37 76
6 48
56 90
9 0
119 71
48 45
93 57
80 62
64 71
45 5
57 33
54 42
12 46
44 32
78 60
81 16
88 134
41 85
34 101
58 60
17 94
56 45
107 32
51 109
33 4
49 113
146 18
49 31
120 37
143 131
12 45
73 37
110 17
56 145
117 131
106 58
132 9
71 80
116 73
64 141
92 121
77 69
98 45
82 128
49 88
40 60
144 77
106 59
75 44
28 95
90 143
33 6
145 82
66 143
8 44
138 124
134 111
53 89
90 12
64 106
118 122
74 84
127 25
97 127
9 45
117 78
132 11
106 121
7 35
87 123
41 56
136 79
113 26
100 19
53 88
39 135
83 73
131 46
136 145
124 148
27 75
24 1
104 122
96 145
82 63
65 26
72 83
103 140
93 84
32 121
51 62
131 134
142 80
78 51
124 100
67 102
31 39
16 62
131 92
61 129
98 101
1 35
54 135
81 84
130 53
104 11
106 132
12 77
145 75
111 133
123 137
21 95
27 39
112 35
64 72
25 147
116 129
112 45
127 54
56 12
28 103
23 79
61 104
8 97
20 104
14 138
65 23
63 78
70 81
91 148
104 142
124 112
13 86
20 8
63 133
47 119
49 33
82 86
49 141
129 17
118 46
102 19
109 33
64 17
20 102
72 15
30 149
61 98
147 126
108 95
94 4
140 106
126 53
9 102
50 58
9 82
142 139
40 9
105 8
10 23
98 93
57 65
124 135
44 77
118 68
123 3
140 11
30 40
133 71
19 113
105 35
64 77
136 84
10 92
43 49
22 53
51 114
17 86
66 100
133 145
58 75
86 136
109 8
118 72
72 29
140 113
75 18
48 103
148 26
145 128
136 77
52 51
73 74
114 58
143 134
68 67
34 123
71 146
16 90
29 84
1 30
52 130
146 21
52 83
11 10
132 28
28 27
46 133
34 50
32 117
57 132
119 45
83 105
3 33
48 104
68 144
102 148
85 35
29 62
93 68
14 80
77 98
72 7
24 136
7 24
82 3
121 7
133 14
126 143
92 147
146 56
111 53
11 45
59 126
59 90
69 109
39 124
59 141
58 47
55 110
74 134
146 4
109 81
14 92
74 131
140 79
4 43
112 96
21 81
67 89
143 130
61 89
60 99
84 0
53 131
85 98
19 77
127 74
111 69
103 107
94 13
83 103
42 71
143 50
70 28
8 17
50 148
112 122
114 94
135 43
143 46
54 91
6 42
19 94
10 21
21 116
60 124
1 119
48 126
137 70
85 96
99 79
10 145
103 80
119 37
147 10
138 68
14 47
1 8
24 89
71 116
101 102
138 120
99 91
63 93
74 80
97 124
130 13
31 72
9 114
124 145
31 126
10 90
69 25
40 148
43 100
137 39
99 53
100 92
42 10
59 79
44 141
23 137
115 111
0 98
35 19
144 72
142 94
136 85
102 130
59 108
124 91
134 103
4 56
106 91
126 42
39 9
6 104
85 79
57 90
83 39
134 119
39 60
4 149
25 48
145 25
40 95
83 66
117 77
96 87
15 82
11 52
138 42
132 72
58 143
78 61
4 106
64 91
55 10
122 136
118 14
34 28
57 54
111 79
30 4
40 121
5 109
95 42
83 148
126 141
88 21
63 84
18 56
44 55
76 45
47 27
65 144
38 51
24 92
60 24
79 69
10 19
83 123
28 8
146 115
131 26
4 139
107 96
105 87
97 58
39 76
84 51
40 62
18 102
57 70
84 13
114 101
131 7
115 60
42 114
71 122
133 13
100 63
136 23
87 15
39 4
109 20
137 122
25 95
22 40
143 10
36 105
1 75
32 40
13 124
60 96
107 25
71 143
120 25
115 28
11 122
113 97
80 46
93 80
103 79
64 43
91 21
126 129
39 97
57 58
130 12
68 25
127 26
8 23
25 108
57 125
84 120
122 80
56 84
120 78
101 145
23 9
52 39
9 137
120 36
5 76
134 65
18 23
46 85
63 37
73 129
149 74
136 114
108 23
53 17
71 20
52 9
99 101
82 89
42 112
39 45
38 98
77 86
50 123
103 81
89 86
11 78
76 111
142 50
13 115
135 116
73 101
16 34
120 34
94 83
54 116
16 112
71 129
83 25
2 64
120 10
132 122
114 61
119 142
125 4
140 38
75 0
117 120
97 1
84 30
132 93
134 80
48 121
143 100
105 13
16 64
25 23
37 31
7 63
8 107
49 48
114 73
58 94
125 128
110 44
126 93
67 71
11 134
119 40
146 44
14 45
25 144
7 9
137 36
99 41
74 117
47 37
18 48
12 148
120 9
6 146
75 31
60 49
139 117
147 84
3 38
81 142
60 117
27 38
15 19
70 101
27 149
104 77
23 20
48 10
22 82
38 90
103 17
51 3
88 9
132 76
15 46
115 39
41 108
14 127
102 78
122 6
121 111
13 2
130 16
43 116
96 123
56 42
85 117
76 123
66 98
38 103
148 95
52 111
35 84
120 135
134 33
92 129
41 4
47 3
115 8
84 119
140 147
83 36
129 117
57 111
94 139
147 64
47 134
4 5
144 11
51 45
99 123
142 8
39 53
1 125
30 25
127 75
112 93
115 31
132 1
102 116
112 101
96 147
122 120
103 117
134 124
84 43
124 107
92 85
94 74
133 22
19 83
110 2
103 86
133 81
28 73
10 128
90 132
14 40
33 84
134 64
0 43
35 32
40 89
149 123
95 135
111 122
8 4
93 119
131 90
125 107
27 46
9 34
11 103
55 140
59 8
28 1
70 71
148 51
35 71
122 30
84 144
68 100
8 64
21 6
37 136
119 108
126 127
76 101
91 3
137 47
39 69
48 149
101 91
116 8
133 45
19 144
92 141
110 1
58 52
88 75
57 47
80 81
110 123
41 51
111 27
87 26
20 38
129 21
130 135
111 12
78 27
78 114
114 108
78 99
20 26
81 117
125 75
149 72
119 21
37 10
133 74
68 86
97 122
23 82
80 21
86 97
74 85
100 26
147 57
7 134
6 114
58 42
39 2
73 58
92 72
60 98
72 14
142 13
29 8
80 12
67 14
31 118
81 126
81 66
144 104
22 127
8 100
55 8
109 58
74 33
51 27
1 17
2 67
143 91
137 143
84 90
131 82
64 107
75 76
102 88
11 138
46 81
78 36
81 12
62 89
102 62
101 89
132 95
114 106
45 33
4 120
76 122
58 134
126 46
130 123
83 111
75 119
144 146
32 106
71 60
43 101
35 18
144 71
125 140
30 143
5 119
56 66
89 108
145 12
37 27
15 27
61 118
95 62
31 136
10 84
26 99
43 24
95 47
23 73
36 130
15 89
26 129
22 1
10 124
61 107
116 98
48 77
149 135
106 96
32 10
127 140
91 104
133 28
117 71
58 103
11 14
117 75
77 15
116 57
75 25
55 148
96 64
75 64
89 98
132 18
126 122
73 20
54 32
88 16
8 79
2 27
30 35
63 45
84 53
74 112
21 15
55 67
48 0
92 46
1 96
109 131
92 50
61 130
4 83
55 87
147 59
93 41
16 30
146 105
17 2
12 100
100 109
12 11
28 43
30 24
72 142
102 47
143 52
18 30
79 52
32 6
139 125
66 57
59 102
96 10
99 143
41 89
141 36
115 56
121 133
50 138
50 74
0 78
95 109
92 29
101 122
36 15
130 76
138 116
131 75
80 116
1 47
82 37
81 3
128 117
50 31
29 79
35 117
44 89
7 58
120 76
101 140
44 76
55 0
19 78
80 124
56 62
125 133
31 43
19 45
35 143
131 126
62 52
24 46
38 139
117 126
105 27
77 35
30 51
14 56
124 69
149 132
15 139
72 54
119 98
54 23
30 38
54 79
31 21
71 102
29 44
119 20
96 34
85 1
73 9
55 147
97 70
84 115
66 139
84 112
134 113
92 34
6 124
67 127
104 103
30 136
6 14
45 77
64 10
145 57
44 113
133 79
94 110
63 87
82 11
133 3
33 32
87 108
83 133
69 63
67 4
102 123
41 135
20 133
83 100
9 138
33 19
55 97
96 131
71 98
30 52
0 62
115 125
24 100
76 31
45 31
146 77
135 63
106 145
83 77
29 75
37 92
65 120
38 57
16 19
6 10
141 52
14 61
26 145
145 31
100 21
90 140
67 19
92 35
87 138
116 3
83 0
7 119
146 38
78 127
24 145
34 27
64 116
92 137
58 85
132 64
20 48
31 103
26 33
12 118
119 145
32 141
102 61
12 22
82 140
61 134
93 43
120 106
91 80
95 78
23 135
120 53
34 61
100 118
58 28
89 37
49 21
128 59
15 22
6 97
84 137
21 148
82 119
103 99
77 41
36 131
37 72
34 126
139 65
87 52
101 119
144 44
58 6
44 0
21 124
146 33
107 39
111 149
147 24
57 0
3 95
112 120
26 79
126 92
147 43
130 5
135 143
95 83
106 51
22 122
62 4
72 113
66 149
60 121
84 67
94 133
101 28
48 134
146 74
132 30
102 139
118 50
38 141
27 104
43 142
94 10
149 87
85 78
139 13
75 106
141 107
27 33
46 139
86 74
11 80
29 132
119 100
26 77
37 8
16 14
86 141
20 40
34 112
69 46
90 126
142 93
114 88
62 142
43 25
37 98
75 147
145 147
96 105
146 61
140 10
41 84
127 90
53 118
110 147
86 49
123 116
115 3
121 19
31 131
114 74
41 90
149 50
47 44
70 18
122 19
26 40
50 94
61 52
20 67
1 3
27 16
89 29
56 67
108 100
80 3
88 109
137 96
105 132
63 19
139 72
103 10
79 148
36 40
62 73
8 43
108 112
66 64
3 100
42 128
45 8
23 68
96 110
2 130
15 142
12 17
119 111
1 61
102 94
12 137
72 141
79 21
3 88
101 63
135 136
15 86
79 91
40 92
121 101
60 118
47 143
98 88
59 30
145 130
51 133
83 82
67 91
112 11
115 82
137 56
135 17
38 102
91 45
118 32
70 29
5 88
59 81
124 78
83 96
109 89
68 60
7 118
144 73
93 52
123 135
108 62
97 132
105 112
46 44
0 105
103 130
50 91
76 137
65 46
119 32
1 121
121 14
56 147
11 68
34 128
87 21
21 143
14 54
101 90
4 119
42 5
79 108
66 46
48 50
147 81
105 147
21 140
7 92
65 34
116 45
94 135
129 74
51 10
42 110
14 97
94 68
35 110
69 59
111 78
96 122
130 7
55 33
31 100
80 135
131 86
76 135
130 119
111 141
107 65
4 80
71 134
99 132
42 118
12 9
129 143
140 115
119 26
52 37
48 144
110 114
72 38
20 96
2 7
15 8
96 70
72 116
37 1
141 113
122 68
6 86
55 42
49 116
101 146
137 124
83 140
136 21
41 132
114 102
132 61
79 116
7 83
135 42
5 111
42 60
100 112
50 52
138 5
52 67
30 114
117 8
51 34
54 89
108 72
121 57
29 25
111 123
36 112
