270
172 80
58 6
127 172
76 101
14 54
229 234
263 43
38 74
246 19
0 186
6 209
31 236
186 176
58 12
241 103
187 120
224 194
6 45
201 174
103 25
114 93
209 135
245 268
79 86
29 20
7 134
115 157
244 31
95 125
227 219
174 198
126 14
59 187
261 130
156 161
218 97
205 257
215 266
219 126
215 181
260 247
134 193
3 248
60 128
260 269
75 85
140 248
34 207
70 160
204 209
240 180
265 46
263 161
232 235
182 77
208 77
29 111
20 23
173 193
90 258
77 210
98 69
114 67
39 92
153 193
62 186
145 74
79 185
46 11
90 269
254 235
153 256
48 268
135 204
180 171
70 116
200 164
184 60
243 228
71 204
242 197
125 76
253 247
223 136
52 76
128 74
208 141
0 207
21 87
2 139
131 261
148 81
191 34
208 230
9 23
98 197
228 202
130 231
82 66
232 87
136 268
74 238
196 186
78 135
143 88
15 245
182 22
160 191
62 110
124 154
36 177
184 67
122 191
127 233
112 225
250 139
120 227
155 192
102 193
264 158
191 239
74 182
195 40
123 164
250 246
152 251
112 267
128 239
266 92
192 215
196 15
160 170
53 206
223 128
193 181
1 57
29 236
74 225
188 164
178 209
57 75
124 135
107 122
42 79
40 260
135 232
165 13
230 217
72 134
54 189
185 53
95 217
98 104
267 261
68 192
245 187
259 19
141 62
177 217
152 42
235 88
141 49
181 131
201 207
73 81
214 130
95 117
138 121
7 142
263 52
93 31
128 156
19 7
143 54
124 172
39 181
269 52
223 161
119 268
253 245
138 241
201 6
241 100
226 46
6 150
209 68
76 170
27 122
263 0
12 254
79 222
228 261
141 248
83 31
124 140
57 157
41 28
215 186
70 219
105 104
109 135
59 204
10 0
137 239
150 169
126 172
196 165
202 18
132 4
190 55
230 106
53 211
42 100
45 100
95 266
45 111
11 232
48 186
184 153
22 161
31 266
92 95
175 219
24 252
254 124
151 63
111 129
17 209
185 87
211 148
126 175
170 100
13 196
78 129
122 239
50 42
152 195
183 195
47 79
126 28
252 57
130 239
27 243
246 107
44 56
201 225
251 243
56 58
90 59
19 2
220 159
129 60
207 117
80 33
72 146
195 63
162 213
90 187
146 114
94 78
154 138
247 159
113 154
118 46
220 112
165 188
91 222
193 164
186 119
214 129
209 234
102 30
142 148
107 255
205 259
3 141
18 66
108 62
138 66
68 163
59 220
88 184
89 25
146 60
64 39
197 219
122 158
113 126
80 18
203 128
184 35
97 195
9 213
176 234
207 264
88 170
79 95
259 168
9 259
88 29
258 70
260 121
131 45
108 187
181 75
94 141
111 150
226 98
77 171
235 18
132 106
103 151
99 176
179 238
106 35
40 198
67 250
21 218
216 104
164 39
86 181
175 156
78 188
120 52
53 34
128 20
96 26
127 105
218 22
49 213
241 84
151 265
175 209
54 164
255 127
224 41
179 178
30 164
49 79
73 69
252 93
24 8
13 113
151 8
49 77
222 164
37 260
13 189
175 39
215 111
249 60
149 67
109 64
75 67
143 114
30 92
167 225
157 48
129 150
162 128
223 166
202 261
32 37
180 191
5 135
235 86
116 261
24 94
172 38
206 252
36 142
256 226
190 187
69 168
241 55
35 170
115 25
220 125
55 47
190 184
228 245
222 65
48 238
210 237
226 184
117 196
188 177
82 222
187 220
13 180
62 214
225 96
146 196
173 25
125 254
165 137
206 62
45 267
233 215
149 113
223 245
95 191
100 49
11 72
126 72
56 88
258 185
3 15
36 233
133 70
46 85
74 0
175 55
248 155
257 3
98 220
99 37
20 62
0 170
29 26
221 84
263 218
200 26
103 60
265 229
175 79
244 24
42 221
162 151
165 238
2 146
7 39
79 237
57 118
154 251
111 189
167 36
92 122
43 124
30 17
177 167
255 196
192 199
33 45
223 0
243 172
194 180
259 153
161 119
79 19
163 225
256 1
260 55
18 106
234 250
228 124
217 190
202 79
132 249
154 238
125 141
59 145
211 247
265 2
78 200
32 206
196 55
51 198
193 143
20 31
93 225
180 99
153 2
221 127
122 153
155 157
51 159
17 125
145 221
153 268
100 80
241 130
2 152
191 128
81 175
234 74
136 50
159 89
1 25
19 152
139 222
244 2
236 4
217 215
6 98
212 22
66 235
64 45
185 100
242 173
48 13
43 134
216 119
154 55
87 73
56 22
4 235
94 175
12 41
156 194
7 71
30 171
194 84
268 238
142 254
59 194
230 75
24 56
67 141
229 141
185 192
32 168
154 142
250 233
159 6
132 20
100 102
6 194
180 139
36 192
129 157
119 4
140 214
243 240
164 108
15 152
227 223
139 254
189 193
132 93
132 209
250 1
152 102
263 117
85 24
45 196
55 176
69 204
94 199
204 81
115 175
40 77
178 239
208 133
46 60
77 194
133 90
230 251
113 45
103 130
153 125
141 234
219 85
140 63
136 28
131 123
8 132
202 136
169 41
184 142
191 81
106 47
7 47
243 95
128 110
29 173
233 168
242 68
70 96
69 65
170 126
79 105
133 128
8 169
36 250
102 144
123 151
197 257
179 69
116 192
29 190
257 160
183 73
202 24
70 238
147 67
150 126
50 173
47 252
49 230
235 199
149 96
232 264
264 215
194 40
225 235
53 262
247 215
89 122
144 148
101 267
256 80
180 106
25 208
169 102
172 177
255 25
216 221
217 45
4 77
84 64
147 100
184 199
25 61
226 182
111 100
105 194
22 245
185 196
127 108
114 245
149 125
59 207
93 269
132 122
203 117
103 57
174 250
187 166
246 198
86 150
69 30
29 71
198 75
123 267
110 32
154 101
225 65
117 3
144 132
102 226
254 212
18 30
171 136
208 134
71 205
64 191
178 30
77 94
146 75
137 92
51 109
33 94
49 113
236 258
49 61
142 119
210 217
23 131
72 165
133 217
140 17
176 235
237 221
256 88
252 9
11 260
236 73
244 231
2 61
107 9
158 195
202 38
139 208
100 240
174 107
256 239
225 224
178 245
210 113
183 156
25 112
36 173
38 224
258 94
104 111
83 239
60 72
64 106
178 32
14 114
7 55
217 127
167 159
219 75
165 105
237 168
12 191
46 61
157 185
27 93
41 116
46 19
23 236
220 259
233 58
69 75
263 253
251 46
226 115
124 208
267 255
54 31
254 122
216 112
186 85
232 93
155 26
102 113
13 140
183 174
2 91
231 32
161 164
262 140
228 111
64 250
217 252
61 99
166 2
71 92
31 99
158 41
61 35
174 165
21 234
220 53
104 161
136 132
12 257
265 225
234 201
21 163
123 137
111 245
177 249
232 95
4 252
205 117
146 39
22 45
97 264
86 192
238 223
23 229
61 134
98 67
140 14
134 258
35 263
243 138
10 261
181 268
134 172
34 142
1 54
163 26
110 38
243 193
197 29
169 243
232 116
79 51
69 107
28 166
252 49
199 123
184 77
170 132
72 75
30 89
211 188
237 156
258 95
244 4
50 16
96 143
219 102
170 148
219 262
22 19
10 249
135 248
100 263
98 183
117 125
154 75
104 77
118 218
253 11
139 233
135 155
64 77
136 204
250 92
43 109
202 83
21 204
17 146
126 250
193 265
118 225
236 46
19 248
148 12
12 29
140 113
105 108
198 13
268 116
115 68
106 17
142 51
43 194
54 178
143 104
128 97
64 153
71 236
106 30
209 54
181 60
117 131
172 70
146 261
202 263
254 163
71 10
102 238
28 207
76 73
4 170
98 45
62 57
27 102
83 195
243 213
18 14
218 24
42 208
145 245
149 92
123 98
44 260
17 98
222 217
141 21
114 196
187 264
142 123
53 29
1 127
193 44
126 173
44 15
32 27
86 26
111 173
131 165
89 126
209 120
189 79
129 244
29 81
88 107
53 22
55 140
44 224
146 244
199 141
134 92
74 191
260 79
64 163
262 156
21 261
37 119
263 250
31 119
264 240
173 101
235 128
19 77
217 254
81 69
43 47
64 73
212 91
173 43
132 41
53 80
70 208
248 17
80 178
112 242
264 34
75 223
203 76
204 241
6 102
19 244
160 231
21 116
180 4
91 119
168 66
47 220
68 157
205 156
249 109
130 85
13 50
239 7
267 100
48 68
44 77
1 68
234 149
252 152
11 266
191 252
108 90
219 31
254 140
97 244
42 41
190 253
241 222
9 204
94 205
223 211
151 66
194 208
250 180
69 205
100 58
43 40
167 129
189 173
130 182
102 190
209 259
254 111
173 257
117 123
205 21
30 128
35 199
204 162
172 214
196 145
252 100
59 78
214 121
164 163
94 176
106 211
186 42
39 129
235 19
207 180
53 99
224 239
99 240
4 149
235 78
188 248
25 55
34 178
250 245
263 36
237 137
156 57
255 82
11 202
258 222
132 12
178 53
78 121
214 166
154 31
25 40
2 16
88 254
34 88
21 19
210 214
155 259
95 192
173 178
216 201
208 21
243 24
258 176
254 55
136 255
197 117
125 234
218 171
144 182
30 174
139 249
10 109
83 63
80 173
268 248
28 244
176 145
221 56
184 169
137 186
165 237
67 238
159 46
24 201
220 32
228 162
87 220
144 103
204 131
161 7
175 0
72 24
137 224
251 92
73 13
250 63
256 233
57 45
109 230
197 2
128 174
235 215
262 250
113 190
6 135
31 135
62 250
163 184
30 6
163 160
257 115
251 233
176 205
60 265
85 238
221 92
263 247
260 46
63 20
133 19
184 13
151 81
66 219
129 187
259 109
107 25
177 88
250 12
128 205
217 206
158 173
205 168
147 65
234 240
92 110
176 174
150 18
256 15
41 235
83 9
82 159
99 257
30 186
125 256
194 185
108 113
16 145
153 217
133 39
179 74
46 58
16 204
19 161
18 203
232 243
143 77
11 110
232 99
249 221
112 179
252 262
188 68
227 236
170 153
193 51
209 116
251 18
252 38
166 231
82 170
193 55
165 266
223 251
76 244
180 94
184 203
264 266
46 52
41 99
263 55
32 4
60 10
102 212
181 99
144 121
269 232
155 154
200 188
195 210
177 90
157 211
234 120
222 93
14 230
78 241
233 70
75 163
166 154
205 53
247 31
127 93
38 227
28 53
79 48
234 223
148 94
215 188
50 74
186 243
37 131
71 104
119 250
26 224
254 165
175 264
157 249
227 186
69 161
134 147
221 244
216 77
77 67
168 258
72 148
0 249
126 56
45 91
150 19
229 237
57 114
93 68
231 172
148 137
30 207
267 158
255 169
250 221
147 29
14 77
138 250
232 82
218 60
193 197
58 98
111 123
178 159
102 46
255 256
153 123
55 159
191 78
74 97
132 198
122 216
211 201
73 212
10 46
94 230
13 206
6 123
26 252
265 147
16 63
230 76
6 248
128 253
238 65
142 231
185 114
60 105
224 153
122 249
167 93
55 248
54 89
20 207
83 186
249 207
57 201
4 199
127 269
157 253
207 4
47 104
244 95
234 191
261 165
159 213
232 8
106 97
219 173
121 185
240 115
187 255
172 33
25 241
132 91
222 56
22 11
6 147
74 227
122 30
193 27
134 214
24 253
124 257
92 55
184 134
133 112
169 203
140 172
80 122
43 176
73 201
208 253
213 197
220 218
174 5
120 162
74 190
243 174
134 34
210 133
95 212
190 269
239 243
95 165
201 2
68 4
93 59
221 90
141 100
5 257
147 196
99 124
131 43
119 158
88 61
10 101
118 81
95 131
212 0
98 190
68 94
231 216
127 226
209 228
156 37
181 3
227 137
159 189
184 211
48 29
11 241
86 248
253 75
79 204
182 231
170 241
118 202
208 225
117 47
20 231
230 63
131 234
221 231
171 27
207 206
110 158
249 51
10 15
111 132
78 207
198 144
114 228
198 129
230 26
171 147
5 75
209 192
126 25
149 201
157 10
163 74
38 206
157 242
90 13
83 52
110 111
31 170
146 67
44 175
220 26
27 117
37 224
216 234
208 222
219 122
13 148
2 42
180 98
252 194
42 249
82 253
29 218
260 72
67 104
31 88
250 78
51 246
111 216
174 14
202 97
248 220
175 248
259 178
183 57
212 53
44 153
111 237
211 137
122 67
233 211
227 263
191 82
86 112
184 227
102 118
11 48
102 200
76 51
48 66
201 252
212 179
168 246
222 212
111 88
71 89
222 245
144 196
165 63
94 120
226 122
268 194
216 46
160 93
233 51
204 266
212 136
221 120
133 41
215 168
144 101
65 50
210 23
215 59
86 126
13 217
149 78
175 162
75 207
181 88
168 5
155 242
181 256
160 84
56 189
223 264
155 257
263 163
186 70
105 209
10 233
176 9
202 91
40 184
241 17
236 128
168 197
59 45
46 66
182 220
217 20
151 254
163 58
117 221
148 73
101 44
197 105
146 177
135 25
175 268
36 124
135 94
239 8
84 30
11 233
222 168
156 212
73 50
204 122
178 136
248 109
92 237
241 171
180 35
3 75
24 23
224 82
201 15
85 37
138 0
182 76
241 246
109 221
2 200
211 190
64 263
31 184
205 237
27 89
153 101
136 210
266 225
227 182
42 70
12 161
150 234
132 82
72 137
173 262
228 120
199 112
92 216
79 125
6 207
269 42
6 250
159 53
101 119
257 61
141 216
175 116
61 103
20 48
140 44
143 191
37 22
180 108
185 109
92 209
71 122
156 225
10 81
26 212
198 199
13 70
190 196
258 266
124 125
221 45
200 56
211 77
142 67
231 153
188 147
260 181
209 19
5 177
44 239
7 28
240 226
131 200
104 196
110 14
85 240
19 18
20 4
236 242
5 163
91 253
109 75
209 41
245 113
11 246
62 232
84 226
38 139
237 246
255 177
197 185
120 231
164 56
15 229
162 54
29 188
114 23
30 188
54 79
160 36
1 111
59 134
179 50
126 154
85 211
170 19
103 159
233 110
228 264
55 57
67 70
114 145
126 109
114 232
44 113
62 34
66 214
14 193
150 136
141 263
216 14
195 107
214 70
145 177
74 143
223 199
123 147
22 71
193 93
33 182
117 18
203 133
249 33
157 244
236 219
19 250
65 7
102 3
71 225
200 193
53 100
219 168
26 162
93 259
62 210
145 97
186 131
109 34
11 188
0 142
120 122
85 125
264 220
166 31
135 211
56 47
165 153
258 252
226 235
179 75
97 212
125 210
68 57
166 19
156 130
201 262
266 205
85 31
40 141
60 140
247 169
32 5
177 258
158 23
266 63
263 30
187 89
86 38
198 67
264 205
64 87
154 26
92 47
58 115
132 244
230 48
1 103
206 63
102 28
239 25
122 171
42 61
57 146
192 112
52 110
181 134
262 264
213 43
151 170
65 168
143 15
90 113
127 5
154 181
190 268
148 118
209 37
42 4
248 29
165 232
246 157
174 17
231 238
202 119
43 159
47 71
216 161
187 72
64 96
109 125
237 202
161 59
174 224
148 126
164 210
201 124
265 244
206 93
77 189
141 179
175 177
177 165
117 144
177 30
93 215
142 180
25 228
116 199
216 152
237 73
100 245
225 53
245 203
108 248
82 92
182 214
12 113
73 208
246 29
90 181
264 157
161 148
78 224
206 104
252 180
162 109
58 20
27 134
253 172
184 130
23 253
89 117
25 108
259 163
225 256
171 197
207 183
136 49
266 164
101 20
89 162
209 220
236 107
127 188
166 134
206 51
20 100
244 202
219 196
60 36
144 268
152 22
163 265
37 188
135 27
175 27
186 225
56 91
140 40
251 234
157 210
263 238
230 27
266 139
63 146
115 123
151 229
91 101
204 224
11 224
52 244
251 210
239 260
197 44
160 228
62 109
56 220
6 14
20 94
31 82
200 37
87 136
59 119
236 247
94 260
50 33
111 199
58 49
167 96
105 102
213 259
204 249
19 132
268 179
73 10
109 28
165 73
119 47
246 10
192 21
119 143
242 133
38 163
108 112
216 34
243 100
222 158
195 98
143 8
96 230
127 49
152 40
75 243
15 82
162 167
239 171
27 6
215 213
181 151
112 135
42 184
222 167
72 111
169 111
33 88
131 3
135 136
195 116
169 121
190 212
181 41
150 148
137 233
8 208
148 145
209 150
265 40
141 163
173 142
247 91
82 131
205 52
17 26
135 77
8 192
181 45
268 182
40 29
136 93
95 208
179 201
64 18
23 96
79 149
68 210
127 268
54 133
183 142
183 135
198 92
4 90
97 42
165 112
256 224
150 75
13 130
20 151
256 167
65 16
119 182
61 241
152 132
56 57
111 69
239 10
191 188
34 38
177 111
141 113
191 210
154 29
12 155
229 198
66 256
48 110
237 261
255 237
171 170
37 212
35 244
43 122
206 225
124 15
47 120
129 224
51 190
72 200
194 217
184 248
5 20
69 209
45 256
121 59
208 169
231 109
89 36
186 152
165 136
10 67
205 213
211 220
80 233
218 157
260 15
101 116
39 141
106 195
160 119
167 185
76 257
154 200
8 252
191 134
159 42
72 208
189 83
163 60
80 115
209 206
18 264
260 264
42 8
173 202
140 6
122 127
45 188
104 200
192 146
127 211
141 53
152 8
36 86
85 12
19 206
104 209
218 70
251 176
257 4
143 170
256 261
204 12
162 91
79 176
247 53
45 132
5 231
102 120
254 32
100 22
20 262
18 185
142 157
90 114
115 156
87 188
231 34
24 119
108 252
61 177
209 85
201 213
216 202
150 177
125 173
27 127
84 219
1 62
155 261
181 248
186 165
188 170
168 6
54 195
129 99
249 115
61 6
84 6
252 43
163 33
119 198
234 7
107 35
64 162
99 225
26 82
35 226
27 179
137 5
231 126
126 141
156 154
123 224
96 159
23 17
116 219
89 269
27 133
217 71
162 254
250 179
146 186
81 197
98 268
195 266
33 9
246 22
196 79
250 99
100 63
264 77
5 11
210 63
8 135
145 162
25 96
183 28
176 73
102 268
221 134
62 31
75 157
269 183
137 109
43 140
180 227
169 262
164 166
33 226
112 118
31 72
168 158
168 92
200 7
228 135
237 41
21 5
114 220
103 43
1 153
241 260
16 133
90 210
227 185
39 263
130 227
10 185
75 137
125 172
166 94
130 90
172 120
106 181
62 255
120 109
241 238
197 212
216 173
182 202
229 83
28 260
37 171
123 165
185 208
248 209
194 123
148 199
9 209
257 266
128 43
95 181
203 96
16 60
90 135
72 155
58 7
194 213
7 125
80 231
59 103
127 185
251 253
63 84
210 154
192 219
53 268
73 39
189 136
93 191
25 39
115 102
88 260
217 130
247 194
86 148
74 235
101 107
218 269
132 86
113 248
120 242
163 77
219 230
71 133
182 11
245 69
255 139
197 20
51 211
163 59
196 245
59 56
158 93
101 108
154 226
213 109
250 21
116 35
155 111
181 72
9 180
50 269
263 118
146 138
46 139
12 175
35 19
144 199
169 15
204 216
98 261
108 186
117 103
216 156
119 196
34 48
188 267
136 23
151 39
188 265
73 214
164 125
106 245
0 4
26 41
174 157
181 202
85 116
15 219
171 178
98 48
15 54
44 66
160 47
8 121
248 198
117 88
213 152
70 150
140 161
84 66
4 103
153 216
46 136
261 35
259 61
203 235
250 183
157 257
115 164
13 227
199 110
145 119
171 45
261 117
240 192
211 146
263 132
155 15
150 92
32 133
193 261
150 236
69 33
234 19
62 27
15 58
210 144
99 260
41 5
265 13
68 44
151 30
187 155
262 37
199 162
82 84
5 89
44 253
189 44
99 199
195 135
77 25
24 106
33 192
116 221
257 215
165 200
64 25
74 187
41 77
212 141
90 22
39 16
10 155
156 164
192 63
196 39
142 24
125 75
152 135
92 174
80 148
61 248
109 269
35 156
40 153
27 181
217 65
99 62
156 204
3 24
117 243
148 1
94 238
260 8
192 264
209 8
116 206
83 18
67 246
115 99
61 89
111 210
127 31
70 158
74 116
0 196
32 107
212 242
229 205
60 4
153 238
86 60
163 231
239 100
252 198
180 102
102 156
79 158
193 221
219 136
6 155
39 47
41 21
245 55
157 256
214 189
92 68
129 232
229 187
144 83
153 228
47 105
230 151
188 240
238 71
54 59
234 227
231 82
235 210
105 62
178 208
114 176
47 87
146 130
80 102
204 17
78 239
128 66
140 260
100 238
215 256
104 230
141 121
80 246
70 145
104 184
101 147
30 28
1 61
172 95
10 100
182 210
83 232
153 85
255 104
81 36
22 259
33 124
147 105
186 212
267 49
266 0
208 12
216 106
141 0
62 207
247 238
122 60
33 26
254 187
1 80
112 83
166 66
20 175
139 262
123 89
5 111
42 234
15 231
256 16
83 139
197 93
176 221
178 51
263 50
14 13
192 217
175 253
206 199
67 121
88 80
20 148
90 161
58 134
163 50
121 226
119 219
51 132
133 155
183 248
236 173
212 206
0 183
61 10
233 88
178 260
188 231
81 202
81 2
49 142
41 129
224 55
160 182
19 16
190 263
202 49
28 179
159 162
82 127
259 169
165 47
205 30
80 130
46 101
191 73
212 115
209 16
54 24
237 70
237 250
224 88
74 147
253 192
160 35
268 109
194 132
89 19
98 120
47 142
99 268
200 16
150 229
45 234
245 41
76 15
25 45
42 90
129 159
251 213
64 187
138 238
158 190
238 254
152 118
68 251
22 61
115 173
171 118
46 179
83 2
139 205
231 14
119 253
162 221
58 196
139 195
193 188
63 130
244 20
97 46
181 231
261 187
146 153
56 48
17 173
262 79
197 130
202 77
210 26
33 136
16 235
104 238
24 240
99 72
6 60
124 110
112 262
153 263
83 123
259 51
211 32
43 235
160 31
17 94
218 47
33 268
175 105
182 171
62 76
137 111
110 239
242 23
225 168
190 260
179 221
30 180
55 122
243 140
181 103
88 21
136 58
116 46
3 214
144 227
62 173
36 49
267 8
110 139
127 8
61 170
37 142
80 46
120 105
52 57
116 110
123 129
38 142
103 157
242 5
39 63
13 66
28 230
11 76
44 61
34 200
27 141
210 86
109 181
33 57
254 241
105 205
134 249
223 25
241 183
67 83
191 242
148 49
222 177
153 167
192 173
258 100
84 29
244 139
69 35
56 147
231 91
119 144
49 56
44 114
0 127
20 235
158 112
186 47
67 88
35 213
120 226
167 173
201 206
34 210
189 114
47 12
137 157
30 85
95 87
245 71
180 72
242 215
17 51
27 78
22 72
190 147
153 229
2 180
227 62
14 196
89 239
26 168
47 264
105 252
147 96
8 166
242 261
218 106
101 202
15 20
136 229
75 17
66 6
251 41
165 142
153 147
155 235
55 114
55 234
37 122
101 124
243 153
117 194
123 28
249 127
98 100
49 208
173 254
251 201
6 131
62 56
4 201
163 47
229 173
169 217
100 155
112 187
100 220
156 31
204 65
209 4
126 235
192 96
228 227
216 166
102 86
235 141
139 15
54 11
47 235
1 201
35 257
80 217
143 117
59 195
251 117
77 129
124 233
226 14
225 179
89 46
49 106
258 46
127 16
14 40
167 141
183 11
32 242
222 256
237 223
267 73
216 184
242 125
142 219
213 122
57 90
122 235
52 50
141 99
28 220
3 261
212 151
41 234
49 125
128 232
151 142
115 97
114 255
46 129
42 240
181 25
125 251
175 46
28 33
169 63
267 259
4 36
43 143
51 237
269 198
153 134
9 254
126 53
162 138
132 17
178 116
113 75
186 267
219 268
41 123
84 138
226 210
44 245
112 33
97 168
124 235
256 186
258 172
96 15
8 116
130 82
101 105
241 107
90 151
197 200
63 248
269 197
252 183
192 135
144 262
60 108
160 50
243 78
205 210
126 102
209 47
100 200
206 16
108 258
173 179
194 140
96 206
85 136
124 176
165 118
255 13
226 45
68 140
195 243
88 168
240 148
233 44
82 30
234 144
194 11
28 141
243 122
50 48
33 121
149 94
223 213
132 160
71 95
120 37
238 0
42 143
40 155
234 65
198 247
18 92
21 82
71 31
5 167
17 162
55 151
32 174
74 106
267 146
138 262
96 264
61 243
15 109
149 59
212 103
224 93
1 217
239 146
46 51
169 61
140 183
18 75
137 25
170 150
23 89
157 64
61 5
25 4
240 265
123 190
85 129
120 177
69 82
39 128
183 103
59 70
120 19
189 144
133 248
95 152
208 96
167 23
92 98
9 77
119 109
162 263
188 153
215 71
229 124
174 105
266 221
18 177
52 131
187 41
9 65
257 141
116 201
4 130
22 48
198 54
187 249
199 219
127 225
77 79
162 197
31 90
162 253
159 176
15 93
164 63
111 203
101 167
61 198
240 263
195 191
170 128
210 231
106 94
225 80
171 168
17 222
64 127
265 258
199 14
1 200
105 200
115 132
221 46
31 104
160 157
167 69
163 187
110 21
39 262
159 24
258 86
167 138
100 82
149 205
104 118
0 113
82 233
145 78
13 44
83 234
266 193
249 55
268 21
39 248
251 184
110 66
51 268
250 197
194 179
198 227
46 245
221 202
89 8
199 38
268 142
123 218
62 138
163 192
255 211
221 177
217 258
86 157
170 113
119 52
214 159
169 221
67 234
41 31
230 51
258 209
101 12
244 10
117 190
14 100
127 86
238 47
247 227
191 99
61 122
15 138
5 124
11 9
34 139
12 94
243 53
93 26
51 52
185 253
260 142
145 242
183 42
205 34
263 265
21 34
130 152
257 167
247 21
264 213
119 267
137 267
137 30
209 117
264 252
195 147
225 260
171 153
27 55
143 157
168 82
166 48
252 128
229 70
61 196
88 242
64 138
156 113
103 75
20 68
251 142
61 185
104 44
29 73
52 101
39 130
252 11
93 254
178 163
148 139
28 26
131 120
20 65
142 166
156 1
57 127
146 4
153 190
170 64
218 81
70 26
260 78
150 39
99 32
169 198
155 128
154 116
84 154
54 64
222 6
205 111
254 229
169 100
236 187
233 40
18 128
34 218
244 88
267 233
41 238
214 55
161 172
21 153
213 115
56 2
216 126
81 19
95 97
209 263
53 78
42 1
153 117
110 155
22 15
189 196
49 121
237 46
134 21
203 158
136 55
206 158
207 48
158 227
111 85
143 224
167 105
172 96
101 92
24 176
247 182
268 108
93 262
169 75
186 95
109 9
159 88
214 227
72 159
192 258
194 94
50 245
185 102
48 257
130 114
39 186
3 16
168 257
256 112
167 216
7 165
212 241
127 84
246 256
236 221
215 184
150 112
15 234
109 194
46 169
51 97
15 40
154 118
100 16
45 61
117 239
263 219
22 80
152 188
230 222
81 244
19 241
22 67
243 250
214 170
137 155
238 96
18 4
33 38
189 74
227 128
39 134
17 118
177 232
49 103
213 42
92 200
258 160
235 165
12 13
20 34
128 214
147 131
67 236
94 102
258 191
201 12
86 95
113 195
14 83
36 18
158 96
153 60
116 123
82 17
169 51
176 15
137 200
130 172
242 65
142 145
57 245
75 79
88 190
50 200
33 211
141 132
102 20
249 195
254 18
40 117
260 265
101 146
180 45
166 169
229 130
94 104
47 149
191 247
47 164
184 7
49 206
83 55
190 244
217 26
2 93
200 107
131 130
206 153
269 33
240 89
30 109
172 20
125 112
223 100
194 106
231 53
96 266
94 242
10 177
104 233
216 23
150 33
179 167
262 4
72 96
244 198
68 37
2 263
7 256
216 21
3 172
195 161
0 236
124 10
137 85
114 105
151 149
204 107
82 179
136 72
239 101
123 209
225 6
72 253
24 214
115 217
228 256
11 89
212 145
77 109
200 45
75 186
109 11
152 75
123 86
235 9
237 235
34 135
191 186
5 230
201 165
173 59
269 6
208 240
34 150
172 169
70 36
127 92
164 91
237 152
86 20
65 97
230 3
166 235
198 127
82 204
51 247
159 174
244 136
110 156
73 119
137 141
76 114
84 49
170 155
180 202
180 61
241 53
110 27
53 199
124 60
30 20
119 179
130 233
85 239
256 21
127 158
190 144
82 239
171 248
147 233
132 36
73 56
67 36
212 180
48 39
85 11
122 150
63 239
103 192
200 47
88 173
228 188
63 262
21 89
94 35
242 263
240 101
16 77
92 229
243 62
130 200
212 237
264 32
169 44
148 246
154 182
1 71
205 250
185 64
64 150
41 206
67 188
150 224
0 91
22 129
198 33
234 103
38 140
29 244
187 178
258 79
5 260
258 262
269 79
157 251
18 176
133 148
56 12
173 175
219 150
262 146
162 9
237 7
27 58
167 84
239 262
34 176
223 202
100 88
143 80
224 264
91 54
77 113
244 0
250 167
122 76
46 217
34 236
74 138
128 50
202 88
26 188
123 46
3 249
173 93
154 132
50 109
250 52
20 38
139 158
163 222
63 214
43 3
62 192
166 167
67 4
237 68
90 167
91 238
136 139
216 8
52 87
16 40
131 83
110 112
77 54
198 157
89 169
60 41
228 129
160 179
118 260
153 90
213 51
94 43
171 106
259 147
57 220
1 81
109 157
72 118
181 217
12 20
77 266
264 182
174 162
230 70
8 12
37 59
253 151
99 125
41 261
229 245
72 83
120 28
148 268
25 198
237 180
8 137
176 211
187 116
249 164
167 204
206 154
142 65
175 113
35 158
178 139
55 141
8 157
185 162
251 169
12 264
69 233
261 120
42 145
149 21
39 91
135 16
181 219
240 83
239 93
197 116
58 158
80 196
32 97
103 268
240 33
202 230
122 143
267 102
254 179
157 240
227 53
102 225
205 2
119 128
115 170
66 176
99 117
210 12
24 197
232 54
111 158
151 88
209 143
146 116
46 65
158 244
40 150
230 225
222 54
49 193
52 116
129 203
103 244
49 174
194 232
244 257
216 50
163 190
61 164
97 214
126 228
74 241
211 40
117 179
178 115
71 242
62 168
172 186
157 117
113 81
24 57
171 200
188 103
156 60
175 166
179 116
247 121
54 115
1 18
66 254
268 185
149 177
181 85
233 96
85 241
234 56
121 41
231 42
69 6
19 23
252 182
19 264
213 73
229 98
216 76
44 227
263 85
264 188
18 234
261 206
99 215
10 103
177 154
176 42
208 102
68 131
77 140
239 233
205 125
119 48
126 80
2 245
88 201
129 195
111 241
167 209
108 107
254 54
95 239
157 180
219 63
249 74
5 14
30 33
83 54
54 228
261 73
249 87
99 162
120 264
92 67
8 45
39 214
267 209
252 22
127 253
190 63
173 98
64 140
34 245
222 7
48 153
246 4
245 29
199 115
123 12
139 39
38 56
230 191
130 69
144 181
1 34
25 11
254 19
247 251
10 241
124 263
110 123
84 20
26 167
133 4
50 249
205 158
81 194
125 259
78 21
261 92
98 201
19 109
210 183
265 247
52 149
214 8
217 163
105 262
70 56
105 208
241 21
259 230
25 243
42 116
51 47
84 155
47 133
1 38
183 264
0 121
115 205
79 171
127 131
237 107
182 113
263 108
246 200
132 182
210 118
14 121
65 117
217 32
167 169
163 65
242 165
220 238
29 107
121 97
256 50
203 204
41 141
202 265
144 133
182 85
106 6
111 105
82 76
137 0
20 223
57 121
226 266
156 172
193 186
109 110
41 94
28 171
221 98
211 11
16 230
121 31
264 115
131 190
179 96
226 7
151 137
24 67
114 78
265 11
195 99
93 260
31 233
75 211
208 221
78 186
191 220
126 116
68 156
146 166
168 247
221 148
94 138
123 135
248 116
63 231
209 254
234 32
155 121
173 140
79 162
145 92
61 152
253 224
110 13
154 178
263 16
40 175
243 63
73 221
30 70
190 185
142 130
21 9
243 96
78 209
153 99
35 26
142 25
126 125
178 27
186 135
115 183
19 3
233 92
267 182
241 113
249 138
178 96
86 237
135 199
74 1
28 266
189 109
124 85
99 46
36 134
172 71
130 77
170 11
43 18
114 242
15 253
53 25
13 98
223 39
230 248
264 83
130 8
71 9
111 213
118 124
254 188
168 147
0 49
34 189
152 238
8 142
67 29
263 188
220 129
227 41
232 160
176 89
75 216
169 250
40 250
106 131
201 19
209 106
141 124
6 59
136 239
164 180
262 206
31 9
244 101
99 188
170 41
259 130
88 10
36 7
136 60
188 217
13 157
224 199
178 176
61 156
25 49
242 47
234 28
57 37
163 7
146 184
101 129
239 114
267 94
156 34
13 128
49 105
186 230
148 28
2 167
71 132
60 168
19 78
173 269
117 159
236 191
225 104
128 185
155 134
188 130
226 259
192 84
224 186
258 233
56 134
133 237
182 109
121 196
123 126
192 162
156 95
16 224
184 14
61 53
260 169
222 26
95 139
177 160
86 178
180 122
154 225
235 31
157 203
91 43
245 151
65 159
221 265
176 132
124 111
62 182
215 41
59 224
59 67
228 251
176 11
33 47
144 92
27 42
189 205
14 207
218 39
32 171
16 67
220 92
228 104
246 93
41 219
103 207
233 216
253 51
32 162
125 201
269 130
38 17
123 52
164 139
186 110
229 212
103 83
75 264
97 199
100 119
260 213
154 248
203 65
84 163
8 230
167 61
76 86
239 129
214 165
63 166
148 194
104 99
246 205
71 244
210 175
180 43
45 77
168 12
90 106
20 144
6 47
120 43
48 249
165 28
89 189
108 32
130 89
178 28
17 49
64 93
43 126
36 195
102 171
262 126
49 110
19 153
242 37
193 259
168 42
129 58
22 187
267 220
181 203
145 253
233 16
227 109
76 149
245 82
127 190
256 248
120 35
24 262
150 83
24 114
171 251
236 268
102 22
108 201
84 179
268 166
153 74
193 251
127 144
232 169
87 259
184 233
90 20
128 17
164 88
102 122
228 14
40 159
1 7
198 111
121 240
204 87
267 12
191 215
221 3
242 61
120 175
127 91
153 172
81 253
188 106
213 30
265 269
237 172
214 103
150 238
134 157
41 49
145 169
268 170
138 116
127 56
228 28
163 264
36 238
37 100
53 124
249 255
24 263
105 192
225 81
98 2
250 265
125 207
211 62
55 236
183 55
221 187
18 72
72 44
206 240
91 73
252 138
207 77
14 55
74 69
108 68
54 8
104 191
33 29
11 107
183 192
104 4
111 9
56 96
34 65
106 56
97 5
211 159
44 201
133 205
245 74
115 229
233 18
247 141
172 25
223 47
24 141
183 266
162 23
110 258
85 34
122 40
5 223
109 167
12 79
268 211
177 208
85 108
202 215
98 253
103 216
3 63
107 111
269 94
77 186
106 170
57 264
42 148
224 180
203 54
96 99
25 38
110 33
84 45
156 32
177 259
220 48
238 178
204 231
131 12
139 166
145 20
120 143
45 183
46 154
44 110
144 165
34 141
239 210
16 234
220 178
120 26
50 244
16 228
61 175
199 41
52 178
203 248
192 129
247 28
24 75
61 59
155 58
31 163
157 20
103 242
99 24
240 34
134 77
53 75
98 215
162 82
185 123
58 220
33 103
97 191
256 235
179 97
52 257
29 171
131 10
76 242
105 220
81 52
141 77
265 160
257 188
25 129
222 268
254 171
246 122
251 248
105 202
229 181
181 246
68 259
143 149
41 134
252 237
214 12
239 123
257 38
43 239
111 21
59 15
155 52
49 114
122 152
18 51
183 164
125 219
213 3
20 19
153 221
107 21
87 19
134 246
269 112
229 32
199 80
142 74
232 49
196 223
128 215
238 156
77 8
53 254
7 82
13 122
216 113
54 235
239 24
79 216
209 221
29 198
223 134
87 5
269 72
130 254
80 168
44 178
106 172
225 160
64 161
15 185
91 241
245 152
83 166
116 10
245 225
43 147
152 229
78 25
235 211
70 62
193 18
196 40
208 85
221 222
115 243
58 108
139 243
111 98
234 31
166 105
42 104
63 66
98 165
131 84
239 205
154 180
176 218
194 118
136 116
75 127
45 46
102 70
70 72
172 48
67 189
8 47
164 184
74 39
127 45
42 57
70 46
211 84
216 266
248 67
202 52
52 93
247 4
26 42
124 74
4 243
5 262
225 221
210 238
126 207
246 219
47 189
184 122
156 200
113 80
35 27
26 69
266 15
203 40
213 94
64 261
261 0
119 55
156 56
67 260
112 28
7 52
190 162
117 138
141 213
191 69
84 16
243 150
155 171
124 98
205 89
225 248
47 110
244 48
182 173
236 45
17 175
144 19
252 12
101 143
224 35
215 156
196 46
92 241
122 135
156 117
269 156
220 73
157 106
181 253
75 35
193 137
28 132
204 58
248 38
109 56
96 123
206 257
202 235
37 26
1 79
81 41
25 145
246 233
181 69
109 59
124 12
85 59
199 27
218 67
202 30
12 249
64 248
86 190
216 143
65 57
40 56
176 53
204 228
66 181
186 206
154 165
152 25
53 245
262 261
20 249
244 51
241 155
0 140
83 80
49 108
233 223
68 176
30 217
240 149
221 10
41 127
265 130
12 6
99 38
112 95
138 149
186 136
11 36
79 253
14 28
36 237
154 240
232 85
15 53
43 185
20 162
71 170
65 226
244 179
106 54
236 213
27 43
65 218
132 185
174 39
43 246
85 101
137 62
138 51
215 22
111 2
176 203
240 37
246 109
44 105
99 8
184 69
173 232
192 9
178 0
261 72
62 213
266 263
197 149
43 230
140 174
129 89
13 5
212 163
213 234
44 9
111 81
166 226
265 51
113 137
72 45
152 54
103 167
118 9
67 259
119 14
210 172
255 97
159 152
154 48
106 251
183 119
167 210
155 227
255 71
50 239
103 56
239 153
52 42
145 136
18 35
66 97
195 22
21 56
183 46
120 173
214 45
184 26
123 154
158 177
243 30
240 69
73 3
159 45
97 198
222 229
128 73
121 258
189 192
24 38
236 212
182 250
219 218
147 14
232 42
150 159
108 173
130 5
181 236
121 221
6 268
87 98
96 226
60 188
249 133
263 75
193 158
5 199
258 76
203 19
120 222
50 4
81 108
35 74
168 179
253 136
18 24
51 13
22 62
232 13
130 236
47 224
157 199
130 6
119 187
256 64
64 82
218 160
32 123
217 33
39 229
175 108
122 22
182 105
21 49
61 33
265 181
226 181
250 115
143 186
165 3
60 57
198 116
183 79
244 65
132 259
260 123
35 29
196 241
118 198
187 225
208 81
80 167
180 189
241 126
179 83
160 246
90 209
98 46
42 112
168 150
219 0
53 169
209 198
245 118
18 138
267 245
214 242
157 181
229 256
65 13
107 67
243 59
100 21
119 115
60 40
230 255
27 215
258 219
99 135
142 149
121 179
155 219
55 220
157 54
176 49
53 147
55 231
93 44
227 32
21 236
13 263
193 89
132 139
78 262
37 265
66 3
83 50
45 192
242 106
44 154
248 185
1 41
15 147
176 192
48 197
114 74
209 52
246 35
145 113
66 14
52 74
3 107
222 127
81 266
152 230
2 103
213 131
86 109
34 262
111 236
200 11
3 179
44 172
152 174
253 73
161 149
65 190
108 151
66 153
246 15
66 20
228 189
119 118
212 109
216 207
266 7
43 233
257 54
49 5
52 32
187 48
107 64
167 41
167 4
215 97
202 121
23 257
153 141
232 216
135 59
159 191
226 162
156 162
224 154
130 17
18 47
5 36
183 72
222 257
21 71
73 67
123 100
158 85
140 95
259 7
164 133
44 221
237 242
110 42
261 129
5 79
58 252
27 241
174 55
193 226
219 109
247 219
50 129
43 197
88 204
62 198
208 37
187 235
135 44
26 122
179 101
107 157
105 169
139 70
151 13
26 141
0 34
