120
52 20
28 36
67 22
106 41
74 54
79 24
23 73
98 44
96 49
60 96
106 46
6 29
61 56
6 116
28 42
61 13
7 30
14 104
66 45
30 67
51 84
103 85
114 33
89 75
35 118
109 56
89 20
67 74
25 67
64 31
17 39
84 78
6 14
59 37
21 70
96 71
8 67
25 17
35 116
69 36
5 61
80 37
44 73
63 8
30 98
110 59
15 25
110 98
64 27
114 59
0 90
25 76
83 41
52 55
62 77
28 107
89 81
80 53
53 13
0 108
77 90
38 69
24 97
39 2
93 43
62 66
55 44
19 95
16 11
30 59
104 25
33 106
18 28
45 24
30 111
100 56
80 14
4 60
93 78
11 114
92 17
35 106
103 7
103 76
82 76
38 14
58 21
0 27
21 87
32 109
41 111
58 111
71 94
58 50
9 113
8 47
78 52
10 51
82 96
52 87
76 58
74 28
46 96
18 75
83 28
75 5
32 82
40 71
2 20
64 34
66 57
94 97
32 11
37 53
52 105
70 79
60 77
65 42
42 103
54 68
41 119
74 62
15 70
33 104
40 96
32 41
112 57
38 89
116 32
12 35
76 75
70 80
23 26
103 98
73 61
1 57
59 26
14 75
38 74
28 119
27 45
94 15
107 92
102 49
10 80
75 112
105 103
50 67
102 14
24 9
65 113
65 97
68 44
57 21
38 102
65 67
49 109
111 92
27 67
92 12
85 88
51 19
91 71
51 27
103 21
64 40
5 27
18 1
97 52
83 82
63 61
68 36
49 97
113 54
64 22
69 1
119 22
43 11
89 118
13 95
108 91
51 36
61 40
36 0
29 38
106 20
27 92
53 90
102 44
49 72
78 51
21 68
53 61
64 110
87 37
101 88
95 96
10 39
105 44
79 75
70 0
47 29
90 79
36 52
106 105
72 64
40 25
110 16
23 61
72 70
45 40
95 116
15 111
11 52
48 6
94 63
91 116
92 65
115 9
54 12
74 94
91 33
21 99
17 119
35 57
31 88
66 115
110 100
13 16
18 69
62 119
20 72
92 45
93 15
77 109
6 28
42 27
70 29
27 3
96 107
104 26
111 75
41 93
56 118
30 89
49 2
40 39
9 30
50 93
102 86
75 33
42 63
0 37
26 114
4 108
34 48
37 99
113 64
28 46
40 112
15 98
1 42
103 44
96 29
34 69
89 114
42 60
82 28
77 75
55 49
93 81
108 36
48 2
78 6
68 73
89 10
58 4
59 115
56 30
64 69
17 9
2 68
53 36
50 108
113 68
64 35
7 75
99 93
116 54
117 114
58 80
19 5
109 108
39 109
28 29
48 100
50 1
101 75
48 37
1 105
94 81
51 90
46 38
17 111
85 78
72 46
43 91
99 116
29 118
76 65
40 78
97 10
36 74
44 99
116 31
85 96
108 68
90 112
113 34
98 50
96 56
67 15
38 112
19 63
91 114
91 85
85 29
114 74
75 97
104 71
90 74
79 19
43 9
42 3
24 8
1 68
79 17
72 104
97 110
73 69
25 39
5 51
9 0
119 97
79 34
15 97
23 114
90 2
67 18
39 90
42 68
82 51
92 37
0 71
35 45
25 116
26 81
114 94
52 68
86 72
36 22
100 97
9 108
1 25
65 50
115 85
70 5
10 4
18 5
42 35
108 58
30 27
106 4
57 16
68 87
22 72
7 40
13 90
2 34
45 96
116 106
113 55
5 74
15 77
26 32
75 87
113 95
119 53
73 65
35 41
100 19
71 42
66 12
116 118
48 5
33 45
36 23
13 100
16 85
44 30
85 55
68 35
47 33
98 10
39 67
80 2
13 25
90 80
29 26
71 24
53 8
80 26
103 60
55 109
55 19
64 24
72 11
72 61
105 58
92 26
97 39
49 27
87 88
64 71
81 9
77 6
92 2
43 64
87 17
105 46
43 0
93 112
14 60
79 3
11 59
73 75
76 91
20 25
48 46
84 40
108 94
22 19
102 99
4 118
65 81
31 7
85 32
18 110
76 85
21 18
13 23
80 61
93 45
30 99
93 92
101 7
92 3
65 37
51 39
47 95
115 41
63 88
40 110
31 10
41 8
21 25
106 80
99 59
61 115
49 62
19 102
94 62
56 4
97 35
6 38
32 52
96 25
4 15
65 40
32 23
18 103
43 44
66 59
34 115
57 43
26 22
34 55
42 41
36 44
37 71
104 24
22 44
29 74
80 105
54 86
7 111
19 81
35 102
92 18
34 112
10 113
12 20
36 14
30 109
6 72
29 4
50 64
33 90
84 10
14 78
15 92
17 73
19 74
9 13
97 68
12 3
72 119
40 31
92 72
23 117
55 84
15 54
25 26
39 54
4 49
24 81
25 115
100 107
88 73
76 60
77 14
73 30
80 11
83 105
43 40
93 35
111 114
99 115
80 93
46 88
71 3
38 42
112 76
49 71
34 82
11 111
16 77
7 107
93 95
59 23
53 48
62 8
69 5
110 66
19 15
13 8
38 109
66 70
93 61
17 77
89 69
116 42
89 40
47 100
3 43
22 114
40 88
27 97
30 6
77 102
109 80
115 49
82 84
114 35
74 70
45 115
23 112
37 95
29 92
84 28
41 117
46 110
90 76
55 28
49 12
82 27
105 55
6 101
67 75
94 17
54 34
87 10
34 19
55 61
16 2
75 44
22 95
35 16
7 18
114 95
59 35
59 117
3 29
72 62
113 117
73 117
54 70
7 46
6 108
116 90
69 60
29 101
108 45
93 57
110 32
34 71
105 95
117 3
84 72
102 76
104 32
48 0
111 46
58 14
34 11
118 0
47 4
26 15
17 32
21 109
33 34
79 23
26 18
109 31
52 119
90 37
53 41
72 15
13 97
20 77
86 55
117 101
46 118
42 9
41 20
86 13
34 111
2 31
47 9
8 75
82 98
79 118
70 30
54 47
76 119
105 14
28 35
0 113
63 66
25 112
6 83
98 104
78 94
14 111
113 119
90 102
4 46
88 32
104 114
67 55
97 37
47 99
9 45
105 45
27 48
12 11
106 61
97 95
117 33
71 56
106 109
113 116
10 109
83 118
9 15
23 43
76 55
64 28
24 61
104 92
6 82
6 55
52 93
35 56
12 23
13 110
63 84
62 61
51 62
101 104
22 80
48 51
34 40
67 42
76 92
101 32
61 9
98 101
61 35
24 15
51 114
40 113
74 11
76 72
42 107
115 105
81 73
33 77
21 65
57 69
112 65
25 27
26 99
52 45
97 114
116 102
28 43
23 109
31 14
38 7
110 74
104 48
35 53
33 78
40 51
1 58
44 112
4 52
91 84
73 86
110 8
3 13
107 59
19 93
22 116
109 111
9 107
58 16
12 79
79 33
4 17
20 42
12 75
31 8
27 6
108 35
69 102
80 118
99 112
112 49
10 69
15 68
100 53
38 63
27 65
64 105
14 47
28 98
63 93
50 41
60 100
73 101
64 107
46 114
100 92
43 109
82 23
51 54
17 86
43 85
58 75
79 38
28 72
12 89
110 23
15 48
78 103
25 98
106 47
112 21
13 104
114 28
113 44
64 33
11 26
106 30
59 24
61 0
87 71
22 70
26 51
22 113
14 73
71 100
102 58
88 27
46 103
89 45
113 45
3 33
48 74
68 24
72 118
115 65
89 92
33 8
104 110
17 8
111 81
54 106
67 114
112 33
1 7
66 23
74 15
32 117
26 56
111 53
41 75
89 6
29 60
9 49
69 4
59 111
118 17
53 22
25 80
44 74
104 62
14 71
50 79
4 13
22 32
23 70
1 29
30 39
84 60
83 11
115 68
19 107
37 74
111 99
73 47
64 13
92 31
83 43
42 101
113 110
10 58
98 107
20 58
84 64
15 73
23 16
96 42
40 21
51 86
30 34
31 29
18 96
77 40
8 7
55 36
99 109
40 85
43 110
89 37
27 70
78 68
14 17
1 98
84 119
102 92
101 86
78 90
69 31
7 94
12 41
100 103
1 12
69 114
94 25
1 96
100 90
99 25
100 58
13 40
69 83
40 2
42 100
119 49
14 81
53 107
27 33
55 111
30 38
35 19
54 72
82 94
16 25
72 100
89 18
64 61
74 43
94 86
106 31
96 102
69 9
96 14
85 109
113 99
14 29
69 0
4 59
8 98
55 25
94 88
100 5
53 6
27 77
36 57
45 82
41 52
18 72
102 42
88 113
108 61
55 100
92 46
58 104
87 24
21 79
60 64
65 19
5 72
53 58
96 51
28 81
63 54
78 116
44 115
106 15
47 87
65 24
98 21
54 32
19 69
23 93
110 53
58 38
41 26
17 36
37 28
39 16
24 111
48 12
117 40
84 73
84 11
41 37
25 0
72 114
17 104
71 62
103 73
10 33
106 113
87 15
99 94
19 80
112 100
23 10
96 105
91 15
32 40
90 6
73 70
107 115
71 53
116 55
90 115
115 88
41 62
53 7
80 16
3 80
94 13
91 21
96 99
77 25
87 118
10 42
98 85
97 86
98 113
85 108
114 90
62 50
26 54
60 108
71 115
53 9
52 99
95 106
14 35
48 83
33 37
73 39
59 104
106 118
106 84
49 101
82 33
83 47
11 20
52 39
99 71
22 29
42 22
69 45
38 8
77 116
110 3
43 21
119 86
101 48
12 38
76 51
82 20
45 26
43 71
76 4
0 94
94 83
84 56
46 112
41 9
113 25
92 34
72 32
84 31
119 82
65 64
80 98
75 0
97 61
54 30
102 33
44 110
78 61
113 100
45 73
106 64
55 83
7 91
7 93
79 48
54 43
58 64
65 98
80 44
66 3
97 11
11 14
59 10
116 74
104 105
37 69
47 36
14 117
96 47
17 97
102 88
90 9
96 86
30 49
49 87
87 54
93 8
21 82
58 47
0 57
117 68
75 19
10 71
57 29
74 77
108 40
112 22
38 90
13 77
58 98
111 93
58 69
45 76
33 93
25 69
41 78
104 97
32 66
13 2
10 46
34 110
13 116
36 93
56 102
85 87
106 63
80 76
36 38
8 103
118 65
22 111
5 24
30 75
14 93
32 99
41 4
107 3
24 119
50 57
113 66
39 57
117 81
94 79
67 119
67 43
27 34
107 104
64 5
54 41
81 75
69 33
82 38
106 37
39 113
1 95
30 55
97 45
115 31
72 1
72 116
112 41
6 57
74 17
2 30
13 57
104 4
84 13
34 17
92 55
34 74
43 52
79 83
20 112
50 92
103 56
118 43
100 38
0 72
14 70
93 114
30 43
5 92
89 33
68 64
11 30
51 70
65 47
27 46
69 94
11 13
115 110
59 68
118 91
70 11
28 111
65 41
32 90
84 54
68 10
8 64
51 6
67 16
89 48
96 7
76 41
91 3
77 47
4 91
71 1
26 38
43 105
19 54
62 81
80 91
28 22
20 111
110 33
71 111
87 56
69 81
10 75
21 12
78 57
48 114
54 108
18 9
20 56
111 27
95 75
119 102
29 21
7 10
103 14
38 56
37 2
83 52
20 21
61 20
26 97
100 86
66 54
69 92
13 118
32 42
60 8
102 74
72 9
82 103
29 68
110 42
67 14
91 58
111 66
21 36
82 97
8 70
115 38
19 88
2 23
74 93
81 27
1 77
62 7
23 1
17 83
24 90
101 82
56 112
45 46
12 58
41 18
76 21
111 72
32 119
48 66
42 92
51 88
41 89
72 95
54 76
94 60
76 2
118 104
36 106
70 33
83 51
15 119
24 116
2 46
11 90
103 11
95 48
35 110
95 59
86 36
59 48
25 72
105 87
48 65
35 32
91 16
100 114
86 39
13 24
5 47
23 103
96 10
56 9
112 91
10 64
31 77
56 68
78 47
29 45
106 96
2 70
91 104
103 28
57 101
118 73
41 74
17 45
