240
172 20
148 36
67 22
226 41
194 54
199 24
23 73
218 44
96 49
60 216
226 46
6 149
181 56
6 236
28 42
181 13
127 30
134 104
66 45
150 187
51 84
103 205
234 153
209 195
155 118
229 56
209 20
187 74
145 187
184 151
137 39
204 78
126 134
59 157
141 190
216 191
128 187
25 17
35 236
189 36
5 181
80 37
44 193
183 128
150 98
110 59
135 25
110 98
184 27
130 10
234 59
120 90
25 76
203 161
52 55
182 77
28 227
89 201
80 53
173 13
0 108
197 210
158 189
144 217
39 2
213 43
62 186
55 164
19 95
136 11
30 59
224 145
33 226
18 28
45 24
150 231
220 56
80 134
124 180
213 198
11 114
92 137
155 106
103 127
223 196
82 196
158 14
58 21
120 27
141 207
32 229
41 111
58 231
191 214
178 170
129 233
128 47
198 172
10 171
82 96
52 207
76 178
194 148
46 96
18 75
83 148
75 5
32 202
40 191
2 140
184 34
186 177
214 97
152 131
157 173
52 105
70 79
60 77
185 42
42 223
174 188
41 239
194 62
15 190
33 224
160 96
152 161
232 57
158 89
236 152
132 35
76 195
70 200
143 26
223 218
73 181
121 57
59 146
134 195
158 194
28 239
147 165
94 135
227 212
222 169
10 80
195 232
225 103
50 187
222 14
24 129
185 113
185 97
68 44
57 21
158 102
65 67
49 109
111 212
27 67
92 132
85 88
171 139
211 71
51 27
223 141
184 160
125 27
18 1
217 172
83 82
183 61
68 156
49 217
233 174
184 22
69 1
119 142
163 131
89 118
13 215
228 91
51 156
61 40
156 120
149 38
226 140
27 212
173 210
222 44
49 72
198 51
21 68
53 61
184 230
207 157
221 88
215 216
10 39
225 44
199 75
190 120
167 29
210 79
36 52
226 105
52 78
72 184
160 145
230 136
143 61
192 190
165 160
95 116
135 231
131 172
168 126
94 63
172 11
91 116
92 65
235 129
174 132
74 94
91 33
21 99
17 119
35 57
151 208
66 235
110 100
133 16
18 189
182 239
20 192
212 165
213 135
197 109
126 148
162 27
70 29
147 123
96 107
224 146
231 75
161 93
176 238
150 89
169 122
40 39
9 150
50 213
102 86
195 153
162 183
0 157
26 234
124 228
34 48
37 219
233 64
28 46
40 112
135 218
121 42
103 164
96 149
154 69
209 234
42 60
82 28
197 195
175 169
93 81
228 36
48 122
78 6
68 193
209 130
178 124
59 235
56 150
184 189
137 129
122 68
173 156
170 108
233 68
64 35
7 195
99 213
236 54
117 114
58 80
139 125
229 228
159 229
148 149
168 220
50 121
221 195
168 37
121 105
94 201
51 210
46 158
17 111
85 78
192 166
43 211
99 236
149 118
76 185
160 198
217 10
141 188
156 74
44 99
116 31
205 96
228 188
90 232
113 34
98 170
96 176
67 15
38 112
19 63
91 114
91 205
205 29
234 74
195 217
104 191
119 148
90 74
199 19
43 129
162 3
144 128
13 53
121 188
199 137
72 224
97 110
193 69
25 159
5 51
129 120
239 217
199 154
15 217
143 234
210 2
197 75
67 18
159 90
162 188
133 136
202 171
92 37
120 71
155 165
145 236
26 81
234 214
172 188
206 72
36 22
76 196
100 97
129 228
1 25
65 50
235 85
190 5
10 4
138 5
42 35
108 178
150 27
226 4
177 16
68 87
22 72
7 160
133 90
2 34
165 216
236 106
113 175
5 74
15 77
146 152
195 87
113 215
239 53
73 65
35 41
220 139
191 42
186 132
116 118
48 125
33 165
36 23
133 100
136 85
44 30
85 175
68 155
167 33
218 130
39 67
80 2
133 145
90 80
29 26
191 24
173 8
200 26
103 60
175 109
175 139
64 144
72 131
72 181
225 58
212 26
217 39
169 147
207 88
64 71
201 9
77 6
212 2
163 64
180 197
207 17
105 166
93 135
43 0
213 232
14 180
79 123
131 179
229 109
193 195
76 91
20 25
168 166
204 160
108 214
217 130
22 139
222 99
4 118
185 201
59 115
31 127
205 32
18 110
196 205
141 18
133 23
200 61
93 165
150 219
93 212
221 7
212 123
185 157
51 159
47 215
235 41
183 88
160 110
31 10
122 212
41 128
21 25
234 194
226 200
219 179
61 115
49 62
139 222
214 182
56 4
217 155
126 158
152 172
216 145
124 135
185 160
32 143
138 103
43 164
186 59
154 115
177 163
146 142
154 175
154 55
42 161
156 164
37 71
30 111
104 144
142 164
29 194
80 225
54 206
7 111
139 201
155 222
212 138
34 112
130 113
189 156
12 20
70 72
36 14
150 109
6 192
99 37
29 4
50 64
153 210
84 130
134 78
15 212
137 193
139 74
129 13
97 68
12 3
192 119
40 31
212 192
23 237
175 204
75 76
15 174
25 146
159 54
124 169
24 81
25 115
100 107
238 89
88 193
76 60
197 14
193 30
80 11
203 225
163 40
213 35
111 114
99 235
80 213
166 208
71 3
38 162
112 76
169 191
34 82
131 231
16 197
7 107
213 215
59 23
173 168
182 128
160 216
69 125
110 186
139 15
13 8
158 229
66 190
12 174
213 61
17 77
89 69
236 42
89 160
167 220
123 43
22 114
40 88
147 217
150 6
80 173
77 102
109 80
235 169
29 126
202 84
114 155
74 70
45 115
143 232
157 215
29 92
84 28
161 117
166 110
90 196
175 148
169 132
82 147
225 55
126 101
187 195
94 137
54 34
207 130
154 19
175 61
136 2
51 130
75 164
22 95
155 16
127 138
114 95
59 155
179 237
123 29
72 182
233 117
73 237
174 70
7 166
126 228
236 90
189 60
29 101
228 45
93 57
230 152
154 71
105 95
117 123
84 192
222 76
224 32
168 0
111 166
178 134
161 115
154 11
118 120
47 4
146 15
137 152
21 229
153 34
199 143
146 138
229 31
172 119
210 157
53 161
72 15
133 217
20 77
206 175
117 101
166 238
42 9
41 20
206 13
154 111
2 31
47 129
128 195
202 218
79 118
70 30
174 167
76 239
105 134
148 35
120 113
63 186
25 112
126 203
98 224
78 214
14 231
113 119
90 222
124 46
88 32
104 234
67 55
217 157
47 219
129 45
225 165
27 48
12 131
106 181
217 215
117 33
71 176
226 109
113 116
130 229
83 238
129 15
23 163
131 136
76 55
64 28
27 45
144 61
104 92
6 202
126 55
172 213
35 176
132 23
13 230
63 84
182 181
51 62
221 104
142 200
168 51
154 160
187 42
76 92
221 152
61 129
218 221
61 155
24 135
171 234
160 113
74 11
196 192
162 107
115 225
204 171
81 73
153 77
141 185
57 69
232 185
184 192
25 27
146 219
52 165
217 234
116 222
148 43
143 109
31 14
38 7
230 74
104 168
155 173
153 78
160 171
121 58
44 232
4 52
91 84
73 86
230 128
123 133
107 179
139 93
22 116
109 111
129 107
58 136
12 79
199 153
124 17
20 42
132 195
30 209
31 8
147 6
108 35
200 106
36 173
69 222
200 238
99 112
232 169
130 189
135 68
220 173
38 63
27 65
64 225
134 47
148 218
183 213
170 161
180 100
73 101
75 125
64 227
46 114
100 212
163 229
202 143
51 54
137 206
96 40
43 85
58 75
236 226
199 158
148 72
12 209
110 143
135 168
78 103
118 56
145 218
226 47
232 21
13 224
234 148
233 44
64 153
131 26
106 30
179 24
61 0
87 71
22 70
146 51
142 113
134 193
191 220
102 58
208 147
46 223
218 15
27 42
89 165
233 165
123 33
168 194
188 24
72 118
235 65
89 92
153 128
104 230
17 8
42 67
111 201
174 226
187 114
232 153
233 119
121 7
186 143
74 135
32 237
26 176
231 173
161 75
209 6
149 60
9 169
189 124
179 231
238 17
173 22
25 80
164 74
229 231
104 182
14 71
50 79
4 133
82 6
142 152
201 81
143 190
1 29
30 39
84 60
203 11
235 188
19 227
37 74
111 99
73 47
64 13
212 151
203 43
42 221
233 110
130 58
218 227
140 178
84 64
135 73
23 136
234 211
216 162
199 34
40 21
51 86
30 34
31 149
18 216
197 160
128 7
175 156
219 109
160 85
163 230
89 37
27 190
78 68
134 137
121 218
204 119
222 92
101 206
41 42
198 90
69 31
33 153
14 200
7 94
132 161
220 103
1 132
69 234
94 25
133 181
121 96
100 210
99 145
220 58
13 40
137 9
69 83
160 2
42 220
239 49
14 201
53 107
147 153
175 231
30 158
155 139
174 192
202 214
16 25
72 220
89 138
64 61
74 163
94 206
226 151
96 222
189 129
216 14
85 109
147 0
113 219
14 149
189 0
4 179
8 98
175 145
214 88
100 5
53 126
147 77
36 57
165 82
161 172
18 192
102 162
208 113
108 181
124 106
184 31
55 100
92 46
178 104
4 178
87 24
141 79
180 184
160 151
185 139
5 192
53 178
216 51
148 201
183 54
78 236
164 235
106 135
167 207
65 144
98 141
54 32
60 204
19 69
70 199
143 213
110 53
178 38
28 184
41 146
124 49
137 156
195 207
157 28
159 136
24 111
160 122
168 12
117 40
84 73
204 131
161 37
145 0
72 114
17 104
191 182
103 73
10 33
106 233
207 135
99 94
139 200
68 54
115 65
112 100
23 130
216 225
91 135
152 40
43 64
90 6
73 70
107 235
71 173
116 175
90 235
235 208
161 182
53 7
200 16
123 200
94 133
211 21
96 219
159 97
197 145
207 118
130 42
98 85
97 86
98 233
85 228
114 210
62 170
26 54
180 108
226 15
191 235
53 129
172 99
219 167
0 156
95 106
14 155
48 83
196 145
33 37
73 159
59 224
106 118
226 204
169 101
168 83
202 33
203 47
11 140
172 39
99 71
142 149
162 142
69 165
38 8
197 236
110 123
163 141
239 86
221 48
132 38
196 51
82 140
163 205
165 146
163 191
76 124
120 214
214 203
84 176
166 112
41 9
233 145
92 154
180 220
72 152
181 129
84 31
239 82
65 64
200 98
195 0
147 120
97 181
174 150
222 33
164 230
78 181
113 100
45 193
226 64
55 203
7 211
127 93
8 47
199 48
174 163
58 64
185 218
200 164
186 123
217 11
11 14
59 10
116 194
224 225
55 204
37 69
47 156
129 161
134 237
11 34
96 47
137 97
138 18
222 88
90 129
216 86
30 169
49 207
87 174
213 8
141 202
58 47
0 57
237 68
195 19
10 191
57 29
194 77
23 230
228 160
112 22
158 90
133 197
58 218
111 213
58 69
72 196
45 196
153 213
145 69
161 198
104 217
132 48
32 66
211 141
13 2
130 166
34 110
133 116
156 213
56 222
85 87
106 183
80 196
36 158
8 223
118 65
22 111
125 24
30 75
134 213
32 219
161 124
107 3
115 68
144 119
50 57
233 186
159 177
117 81
214 79
67 119
67 163
147 34
107 224
184 125
174 161
201 195
189 33
82 158
226 37
159 113
1 95
30 55
97 45
112 93
115 151
192 1
72 236
112 161
6 177
74 17
2 30
13 57
224 4
84 13
34 17
92 55
154 194
43 52
79 203
20 112
143 193
170 212
223 56
73 201
118 43
123 227
100 158
0 192
134 190
93 114
74 154
30 43
125 212
89 153
188 184
153 209
131 150
51 190
185 167
27 46
69 214
11 13
235 230
179 188
238 91
190 11
28 111
185 161
32 90
204 174
68 10
8 184
171 126
67 136
89 168
96 127
76 161
211 3
197 47
124 91
138 209
71 1
26 158
163 105
19 54
62 81
80 211
148 22
207 137
20 231
230 153
99 219
191 231
171 147
207 56
110 8
189 201
130 75
141 132
78 57
48 234
174 228
138 129
140 176
111 27
95 195
239 102
149 21
7 10
223 14
38 176
157 2
210 13
203 172
20 141
61 20
26 97
100 206
117 237
97 224
66 54
69 92
133 118
32 162
180 128
102 194
72 9
82 103
29 68
110 162
187 14
211 178
40 78
111 66
141 36
114 194
82 97
8 190
235 158
19 88
153 117
2 23
194 213
201 27
1 197
182 7
23 121
17 203
144 90
101 82
176 112
4 167
45 46
132 58
41 18
76 141
108 6
231 72
152 239
168 186
162 92
171 88
161 89
72 215
54 76
15 213
94 60
76 2
238 104
156 106
70 33
203 51
135 119
24 116
122 166
11 210
103 131
215 48
174 41
35 110
95 59
206 156
223 7
59 48
145 72
157 87
105 87
91 118
168 65
35 32
91 136
220 234
86 39
13 144
5 167
143 103
216 10
10 113
176 129
232 211
10 64
31 197
56 188
198 47
29 165
106 96
122 70
97 230
211 224
103 148
177 101
238 73
41 194
87 225
137 165
26 27
135 175
175 238
186 64
45 214
149 128
204 0
161 233
66 182
193 170
174 32
208 46
68 229
152 87
61 231
0 125
93 15
204 113
14 52
111 105
115 127
48 180
32 76
121 6
109 191
2 20
31 220
94 113
121 94
85 57
147 89
153 11
226 150
236 225
17 62
102 190
220 169
12 71
88 103
0 234
132 172
132 47
23 22
108 90
139 172
229 5
36 207
126 190
69 173
191 89
47 1
51 126
205 86
1 163
170 18
20 194
233 41
157 82
60 198
155 229
122 89
71 92
6 165
130 231
86 2
138 79
223 190
160 196
108 146
94 95
161 105
230 86
181 107
232 157
141 153
38 87
170 181
59 49
35 207
224 119
97 238
30 166
11 20
74 16
140 14
175 180
109 228
230 124
176 152
125 43
109 165
119 161
125 23
71 156
174 46
128 79
147 216
225 57
120 141
194 146
4 189
149 72
45 169
72 84
179 98
114 143
0 188
144 169
220 66
211 201
71 162
179 134
89 80
66 214
80 139
13 69
83 20
48 84
175 27
157 100
144 55
96 19
24 22
194 113
6 4
97 187
74 223
90 166
51 53
186 194
94 40
175 237
14 113
73 229
63 177
142 221
103 153
3 62
207 198
203 103
129 213
67 94
236 39
28 61
229 40
35 187
222 213
71 45
50 163
113 190
129 78
26 42
93 169
152 120
115 37
6 71
109 154
131 128
60 52
120 182
145 65
234 10
16 1
75 121
56 167
180 90
166 55
143 227
67 122
125 90
98 87
109 215
196 19
51 202
224 61
206 205
115 211
130 171
90 50
97 169
122 95
117 18
188 83
146 33
233 180
7 59
116 38
78 217
54 175
214 147
4 146
212 17
178 115
192 214
80 78
91 193
86 213
72 178
119 205
122 111
102 151
87 206
42 82
82 200
91 134
202 114
93 103
120 46
121 170
95 108
113 135
60 203
127 155
34 211
130 148
208 118
119 37
49 141
188 29
165 142
24 167
51 208
232 59
163 39
107 221
96 101
127 42
34 186
169 185
27 52
191 59
174 134
178 66
74 210
201 214
56 63
107 69
21 119
147 75
57 204
177 90
172 30
85 18
86 229
36 182
27 223
130 215
195 23
35 173
168 218
136 111
142 212
62 214
72 233
163 208
6 119
126 22
180 121
144 157
94 13
161 118
18 14
102 90
132 109
148 50
218 51
147 224
103 22
184 70
113 163
209 177
25 198
49 193
45 76
171 77
27 153
136 139
236 224
71 170
149 222
209 190
26 197
97 128
226 74
86 141
170 160
214 22
219 106
60 66
202 153
144 118
122 142
13 85
187 188
75 177
25 117
66 105
56 121
20 100
131 174
97 0
23 208
110 117
176 109
3 146
25 63
31 169
181 41
204 44
221 14
52 34
149 140
47 104
190 168
92 229
56 10
186 134
170 124
1 52
80 67
31 63
117 106
179 89
56 187
94 50
228 40
110 183
201 109
28 19
197 216
213 19
24 9
139 132
178 179
163 220
79 148
126 10
132 81
62 103
98 193
48 22
216 124
183 130
162 128
75 128
156 20
37 79
182 130
45 112
72 167
239 111
117 96
5 63
91 211
22 165
72 34
162 77
72 81
19 21
183 148
101 93
165 136
195 86
79 211
40 182
181 191
120 88
38 28
118 175
209 210
115 10
171 13
83 202
37 1
82 191
85 202
77 176
225 137
158 72
61 165
238 92
160 119
76 93
35 28
124 48
233 36
199 149
218 120
187 88
234 43
123 52
3 165
78 152
124 30
7 42
195 112
76 194
0 165
43 220
50 211
166 107
35 76
61 121
182 192
116 117
51 99
149 190
11 38
64 8
147 141
231 53
44 54
221 180
94 119
72 5
139 108
6 226
48 20
117 141
45 87
111 200
97 32
125 94
73 92
116 75
184 75
9 194
201 190
42 80
164 37
4 188
5 80
99 119
225 76
151 59
208 169
141 228
209 36
156 62
225 226
160 217
145 93
181 220
50 143
218 67
71 26
129 51
16 75
10 119
141 111
47 125
76 77
214 80
188 72
39 72
72 58
222 219
219 203
223 210
50 145
179 26
198 234
140 54
23 82
50 6
182 37
225 68
74 170
66 160
102 56
127 1
231 113
182 188
36 146
175 192
109 56
74 119
68 220
161 176
77 124
233 140
16 21
41 162
204 42
12 151
79 206
217 113
225 12
5 171
72 90
224 2
10 232
230 172
228 35
52 217
180 24
115 186
207 218
21 214
114 149
168 132
151 177
59 205
171 63
6 172
80 48
180 57
125 203
237 37
204 159
31 212
155 141
31 158
96 225
8 230
198 186
204 105
69 9
39 205
31 216
204 6
132 193
133 213
179 138
84 127
17 65
34 132
69 105
176 142
155 196
207 29
17 185
231 216
66 81
185 77
33 44
96 189
173 137
116 219
29 89
237 163
157 41
130 89
56 186
171 107
128 238
165 26
33 129
186 82
130 9
160 153
114 167
155 11
30 63
38 75
55 162
111 39
205 66
33 118
236 193
172 94
42 88
71 164
62 91
105 37
59 153
17 19
193 50
35 74
150 137
199 202
164 136
93 46
202 148
31 132
228 68
48 152
230 127
78 225
52 102
21 35
84 10
43 103
121 213
211 20
136 103
77 65
10 107
130 155
195 137
125 232
46 94
202 180
46 31
214 34
32 195
210 19
31 148
167 92
96 83
182 142
19 173
118 50
217 171
123 165
95 148
8 119
74 213
80 22
208 49
39 119
137 146
158 163
65 211
83 6
16 150
192 215
238 37
104 3
170 81
209 13
127 35
221 13
183 24
30 154
162 9
143 148
13 39
129 226
123 11
235 69
175 12
217 42
88 80
67 130
154 43
67 44
26 28
104 235
131 197
68 89
132 176
143 158
212 23
150 152
43 197
69 230
156 190
131 223
2 71
185 39
15 49
17 230
81 121
133 119
119 116
218 63
71 138
154 76
123 139
52 169
100 231
183 236
181 2
236 125
185 171
91 42
69 150
200 179
233 238
236 228
76 199
132 175
215 79
24 139
24 66
68 111
108 66
186 36
149 106
154 138
68 147
196 143
151 99
68 55
73 64
224 155
60 4
194 159
236 221
24 217
211 172
235 86
105 39
171 148
38 108
45 234
74 126
130 47
218 78
207 58
93 182
190 180
50 101
174 186
64 103
153 186
46 76
111 185
49 181
113 115
217 227
175 224
13 137
109 170
80 197
55 59
171 75
21 87
150 222
121 236
83 132
75 210
215 165
120 92
122 73
73 141
30 206
159 93
114 109
62 57
135 118
120 144
9 170
41 65
235 133
8 134
181 60
22 7
172 114
5 149
194 193
39 134
189 19
15 45
137 115
114 196
213 132
165 91
47 35
15 170
94 235
131 17
92 201
120 142
219 76
130 95
66 104
222 153
226 39
232 84
182 165
182 24
140 88
31 98
139 149
155 126
97 74
40 153
57 91
99 32
36 24
213 54
57 3
208 121
4 88
50 158
102 114
89 128
119 154
236 86
143 228
67 186
55 69
211 179
201 90
187 61
40 128
44 86
122 137
176 104
2 122
109 235
150 184
123 118
26 150
13 21
179 130
102 228
210 222
42 156
79 38
13 101
9 76
36 35
99 137
212 117
48 101
131 201
95 235
217 136
214 159
65 130
32 128
39 52
229 217
84 203
93 48
77 75
80 181
46 91
28 161
144 59
84 137
111 202
235 210
105 92
29 201
88 28
24 176
197 177
118 29
20 102
84 107
78 239
38 6
140 200
190 58
5 226
14 20
171 31
140 36
100 25
74 124
221 177
120 58
151 121
22 155
40 10
62 30
23 142
153 145
195 44
81 186
82 109
3 184
87 75
36 32
147 109
116 0
58 222
126 166
51 150
182 177
67 178
122 30
163 200
63 86
74 67
46 186
16 5
80 55
229 52
3 179
125 21
132 114
225 51
116 111
176 12
226 106
53 109
197 213
146 101
238 111
53 200
134 13
132 37
146 139
217 151
58 50
170 58
210 101
178 14
73 50
181 166
149 219
51 192
103 95
183 68
26 83
32 26
90 93
181 190
53 28
28 80
158 111
111 82
201 182
199 112
191 189
134 55
40 32
139 76
160 83
22 109
118 59
48 73
129 102
33 65
142 127
19 229
165 17
55 0
140 160
76 101
182 115
119 226
144 204
87 10
140 203
207 190
164 238
104 57
163 222
220 5
118 169
104 12
179 49
8 210
167 172
20 226
120 199
165 24
5 101
226 75
25 165
72 60
85 4
191 123
94 157
138 178
8 160
152 88
22 151
235 83
231 208
106 209
113 32
231 74
59 13
234 39
12 221
88 196
79 45
43 8
153 220
34 170
121 201
111 67
206 33
176 78
47 113
22 107
123 136
226 175
224 88
114 60
189 102
36 60
4 110
52 232
46 32
183 173
233 123
181 122
13 115
160 1
77 4
68 197
213 238
115 105
152 201
122 226
107 111
200 239
92 203
75 78
40 170
209 191
120 30
180 115
85 62
63 50
1 73
58 111
196 58
74 59
26 196
9 165
63 184
54 47
152 233
216 169
87 8
37 218
121 230
127 82
231 41
200 136
120 165
112 147
26 80
63 159
128 202
133 187
62 95
39 213
43 186
148 170
71 76
44 121
184 200
147 111
169 151
3 147
164 31
135 115
44 9
163 55
61 153
217 53
11 122
118 49
102 57
93 107
102 233
54 119
4 199
9 95
236 207
51 31
29 114
210 67
52 67
140 175
126 77
37 88
35 63
120 136
227 203
201 206
4 30
219 114
137 102
137 127
0 175
125 207
155 131
60 222
92 215
137 81
237 168
232 132
190 87
3 229
182 30
107 212
14 226
59 149
206 108
47 144
15 192
27 66
8 196
152 231
128 196
221 52
75 20
16 109
105 17
126 6
191 41
45 52
122 76
125 205
175 174
115 144
217 122
41 94
207 104
3 28
189 217
15 145
79 28
109 108
203 74
161 51
66 11
2 206
184 21
13 17
220 45
199 23
200 115
229 127
220 95
99 34
112 187
190 100
186 211
54 65
59 154
36 145
42 126
168 197
36 196
102 116
235 141
229 105
144 161
47 175
31 21
5 107
230 217
143 27
179 225
191 147
227 189
94 203
196 44
165 59
239 196
49 106
138 136
157 46
164 40
47 51
33 11
62 152
42 136
57 43
177 223
156 94
182 5
201 225
142 189
93 62
87 150
2 235
141 39
238 220
123 171
92 181
71 234
8 22
1 232
55 217
174 225
106 9
72 120
91 25
215 71
115 16
238 153
109 33
174 78
177 109
4 216
223 203
29 198
93 224
99 104
156 203
132 228
58 236
203 105
6 207
219 148
131 63
54 168
16 180
194 95
104 75
64 194
142 183
157 78
124 85
16 156
75 26
228 82
186 225
188 26
220 112
191 105
181 227
150 31
197 110
183 98
149 17
38 60
12 33
72 75
54 82
60 228
160 50
123 48
205 120
126 222
119 137
10 170
56 106
48 228
83 179
224 170
126 236
145 76
184 56
229 135
225 28
45 103
76 15
38 200
75 123
118 138
180 178
53 134
142 150
171 233
174 84
104 41
88 141
93 2
170 228
33 211
236 175
103 123
12 160
71 185
120 37
238 120
192 173
40 185
174 125
228 217
78 212
141 112
161 211
155 77
197 102
145 31
122 204
134 46
57 86
78 22
6 234
91 63
15 169
122 43
14 213
138 22
61 127
89 86
196 231
49 121
119 63
140 33
168 75
227 145
200 120
233 89
67 64
151 5
144 26
235 184
90 115
213 70
205 99
90 237
219 82
99 128
63 223
149 220
210 49
9 174
13 98
95 32
178 156
167 173
92 158
39 167
209 79
72 23
98 63
65 131
139 34
206 161
168 207
67 41
39 95
77 231
206 81
64 160
142 48
228 24
37 9
79 219
137 79
132 107
1 180
72 43
69 206
165 213
164 33
81 53
131 107
181 48
120 233
195 191
20 98
180 231
106 184
15 230
141 48
47 162
34 157
205 55
205 168
49 14
211 200
15 50
85 102
131 106
151 74
220 127
197 39
110 81
129 172
219 144
107 168
220 82
209 55
134 148
90 53
202 203
145 48
23 114
86 193
99 175
88 21
69 188
41 214
20 36
171 178
100 137
44 209
168 167
196 185
221 82
59 218
139 188
208 82
63 188
62 228
13 132
75 31
161 207
37 78
236 157
110 23
29 82
184 69
79 191
217 174
161 61
20 21
48 29
101 72
4 100
27 10
194 160
7 146
58 197
127 17
191 69
1 62
105 78
185 4
221 9
72 154
123 173
213 56
141 52
35 103
110 82
175 62
93 12
203 25
111 124
197 167
97 231
24 123
119 87
227 90
82 79
149 87
84 42
195 117
195 140
21 3
173 37
198 52
166 228
162 158
49 100
61 166
28 122
48 147
34 168
6 203
223 195
204 225
181 65
44 164
149 133
202 71
9 40
45 155
222 101
153 164
178 133
58 79
88 206
11 60
140 125
22 16
126 181
57 37
86 214
3 160
158 81
130 206
60 124
170 48
180 69
109 138
95 8
4 236
97 87
204 184
204 64
102 66
115 21
164 199
109 10
86 7
233 70
48 68
214 68
34 178
87 203
71 58
184 55
3 175
146 62
96 216
215 7
233 48
72 91
3 207
80 215
184 52
232 45
189 106
109 91
117 76
44 231
113 68
136 55
86 8
207 108
68 227
171 205
23 224
167 45
142 186
71 152
114 206
67 32
118 78
123 142
49 195
36 185
169 219
129 178
34 107
12 189
224 184
110 215
185 192
228 227
70 54
159 186
33 106
228 77
166 202
227 186
67 105
92 211
127 54
6 166
65 184
30 82
225 84
169 134
21 157
75 40
64 208
100 166
195 151
147 149
143 9
70 177
202 230
92 68
117 27
140 102
141 124
79 61
82 7
123 40
17 35
238 147
88 126
129 44
159 104
197 118
117 172
199 13
145 54
3 102
48 190
175 225
72 73
68 124
87 191
157 26
94 42
18 101
231 42
26 95
143 225
14 23
96 78
38 126
129 219
123 210
26 3
202 167
79 231
197 170
130 22
112 175
147 215
15 19
28 10
200 20
123 121
191 84
231 12
192 170
129 105
20 110
134 18
70 27
230 145
191 176
90 75
166 199
49 70
214 104
197 149
161 97
4 37
229 26
173 85
100 124
187 206
2 183
110 17
161 40
236 153
149 213
60 209
232 230
35 82
193 220
44 106
201 173
96 86
124 62
160 147
164 143
216 23
120 183
239 197
22 64
72 66
214 18
8 67
62 53
217 196
186 201
93 172
165 221
0 56
154 10
167 25
234 75
1 119
216 102
114 77
112 59
193 114
136 72
119 131
105 216
102 103
174 64
175 67
168 136
221 89
182 85
77 139
200 15
135 126
109 161
167 116
122 75
93 86
147 145
154 225
221 126
65 200
201 105
233 239
119 126
88 180
64 30
142 19
37 32
134 61
226 115
27 62
86 110
35 97
136 115
48 187
52 114
141 97
99 84
214 106
110 96
73 119
17 81
73 99
196 24
114 139
200 5
180 82
0 181
91 233
140 57
203 139
184 90
210 110
29 179
55 179
136 201
37 128
190 24
82 119
70 1
51 188
57 83
162 96
133 176
37 66
155 113
92 180
198 39
185 180
25 161
213 89
43 162
110 47
148 203
48 158
93 22
231 149
34 155
62 173
30 221
166 167
62 79
153 122
130 140
2 147
84 122
199 224
118 186
94 122
31 221
205 10
215 4
159 36
71 116
157 188
210 14
30 151
202 129
198 93
144 193
158 80
179 94
217 208
138 199
155 20
228 172
149 79
7 11
168 176
13 238
206 42
143 205
159 180
172 86
200 40
207 217
57 118
128 133
33 18
179 112
34 206
43 112
40 238
44 31
41 171
224 114
1 144
197 203
154 120
190 47
62 136
166 97
154 176
179 214
44 168
128 170
86 128
3 16
3 99
173 33
4 222
24 60
20 229
50 98
79 98
153 94
73 213
182 162
16 167
169 68
97 124
87 128
180 77
1 28
46 139
36 38
112 27
16 160
11 83
50 172
17 144
168 187
149 19
0 71
18 99
40 59
93 120
227 216
4 223
171 76
181 69
229 117
177 220
23 170
211 171
139 127
181 157
54 152
114 12
50 130
37 29
73 211
189 185
224 102
191 111
199 185
222 173
14 59
210 208
208 178
85 168
143 58
147 210
158 77
26 61
127 176
189 164
227 174
86 124
82 185
175 233
40 142
5 158
58 229
115 171
98 127
131 229
222 24
129 113
192 205
239 231
9 211
181 159
89 93
49 42
167 86
238 98
80 166
92 7
43 238
150 153
52 200
122 53
177 132
44 179
7 180
132 135
55 122
209 188
25 200
25 121
129 27
107 190
187 44
30 222
204 137
142 144
141 128
151 238
89 173
206 26
106 185
68 184
10 210
230 45
192 24
202 26
13 34
229 144
164 52
34 137
66 80
133 40
211 104
97 94
74 121
156 234
61 190
207 239
221 62
2 48
140 148
232 36
7 117
53 171
24 57
21 110
68 223
186 0
235 76
59 116
187 181
84 175
31 168
66 194
28 5
59 117
173 96
204 176
151 71
29 63
111 132
127 70
69 126
109 113
102 32
139 204
93 133
207 117
199 98
164 77
203 175
84 188
138 204
111 146
159 125
190 193
87 64
58 12
8 147
188 71
107 110
59 203
25 65
179 198
36 110
152 125
69 195
231 91
47 179
198 137
104 54
35 89
97 210
143 1
39 74
197 89
5 44
210 3
83 54
24 138
81 163
189 237
129 222
180 144
152 97
8 105
69 34
87 239
102 142
122 207
217 73
220 3
124 110
12 127
78 93
66 94
5 179
199 85
63 132
19 39
106 223
218 176
110 11
160 129
54 91
211 4
221 56
175 161
14 199
219 180
127 71
190 211
94 53
144 110
146 17
230 219
205 188
51 194
125 160
223 70
5 109
138 231
21 152
158 21
199 229
30 93
85 97
22 89
124 188
97 73
52 89
100 26
222 37
15 58
61 171
169 170
115 153
42 176
171 197
204 125
47 13
151 68
33 54
120 211
235 55
139 51
117 47
182 173
173 138
66 200
132 2
60 118
215 207
187 32
17 169
133 95
2 165
160 88
158 172
151 7
136 140
83 174
11 21
22 235
144 163
76 216
231 165
142 16
107 180
20 163
207 211
166 56
66 22
43 126
19 20
58 141
11 8
31 11
166 50
61 151
204 235
41 130
179 6
211 47
234 187
115 101
165 129
183 170
121 83
135 211
28 221
168 36
161 190
216 206
218 36
0 137
26 226
108 157
101 148
123 195
223 114
38 26
33 171
119 14
234 212
215 121
203 110
109 72
235 92
1 212
223 134
200 13
154 148
203 196
72 116
190 85
153 123
30 160
40 155
202 100
51 9
153 66
48 239
63 129
35 116
33 176
142 205
6 215
178 117
66 225
175 213
229 33
53 2
207 92
211 53
159 108
88 186
236 147
165 139
16 228
118 26
189 49
124 235
39 46
232 221
160 227
170 11
73 228
114 92
15 73
83 55
211 8
114 233
40 68
101 99
221 91
51 3
138 205
88 94
124 52
164 188
168 57
90 199
4 129
2 148
38 172
203 160
157 89
143 128
190 219
167 71
112 10
236 59
195 156
109 100
10 190
138 110
201 199
151 9
201 154
36 179
224 90
112 56
188 196
91 129
154 161
39 188
102 134
50 41
79 130
66 187
98 217
196 91
223 157
224 229
148 146
31 96
32 17
204 118
87 217
133 37
86 4
234 201
41 159
147 4
96 214
109 195
156 110
148 28
152 167
131 192
150 108
49 108
173 119
207 159
116 191
15 74
215 104
38 70
16 139
192 114
134 156
78 113
13 237
122 79
151 106
93 96
66 35
226 104
64 164
1 83
149 146
88 63
215 49
42 33
237 10
28 21
236 178
0 62
4 165
55 181
97 173
139 208
91 103
5 1
215 69
71 115
26 162
184 81
32 152
35 71
239 74
239 37
236 71
93 17
234 122
207 42
189 175
194 147
188 129
212 231
76 67
70 2
138 14
66 93
191 219
143 216
43 51
212 12
35 171
68 17
153 82
44 199
19 122
156 40
133 113
45 204
67 199
100 29
20 33
34 38
143 5
24 13
218 140
47 61
226 56
149 69
124 165
93 106
194 99
186 25
11 201
131 154
30 175
0 103
70 181
105 77
78 12
76 79
60 136
230 24
96 77
60 223
198 9
105 118
29 189
228 182
10 209
178 238
108 239
133 216
36 195
222 21
22 6
19 230
152 67
