60
52 20
28 36
7 22
46 41
14 54
19 24
23 13
38 44
36 49
0 36
6 29
1 56
6 56
28 42
1 13
7 30
14 44
6 45
51 24
43 25
54 33
29 15
35 58
49 56
29 20
7 14
25 7
4 31
17 39
24 18
6 14
59 37
21 10
36 11
8 7
25 17
35 56
9 36
5 1
20 37
44 13
3 8
30 38
50 59
15 25
50 38
4 27
54 59
0 30
25 16
23 41
52 55
2 17
28 47
29 21
20 53
53 13
0 48
17 30
38 9
24 37
39 2
33 43
2 6
55 44
19 35
16 11
30 59
44 25
33 46
18 28
45 24
30 51
40 56
20 14
4 0
33 18
11 54
32 17
35 46
43 7
43 16
22 16
38 14
58 21
0 27
21 27
32 49
41 51
58 51
11 34
58 50
9 53
8 47
18 52
10 51
22 36
52 27
16 58
14 28
46 36
18 15
23 28
15 5
32 22
40 11
2 20
4 34
6 57
34 37
32 11
37 53
52 45
10 19
0 17
5 42
42 43
54 8
41 59
14 2
15 10
33 44
40 36
32 41
52 57
38 29
56 32
12 35
16 15
10 20
23 26
43 38
1 57
59 26
14 15
28 59
27 45
34 15
47 32
42 49
15 52
45 43
50 7
42 14
24 9
5 53
5 37
8 44
57 21
38 42
5 7
51 32
27 7
32 12
25 28
51 19
31 11
51 27
43 21
4 40
5 27
18 1
37 52
23 22
3 1
8 36
49 37
53 54
4 22
9 1
59 22
43 11
29 58
13 35
48 31
51 36
1 40
46 20
27 32
53 30
42 44
49 12
18 51
21 8
53 1
4 50
27 37
41 28
35 36
10 39
45 44
19 15
10 0
47 29
30 19
36 52
46 45
12 4
40 25
50 16
23 1
12 10
45 40
15 51
11 52
48 6
34 3
31 56
32 5
55 9
54 12
14 34
31 33
21 39
17 59
35 57
31 28
6 55
50 40
13 16
18 9
2 59
20 12
32 45
33 15
17 49
6 28
42 27
10 29
27 3
36 47
44 26
41 33
56 58
30 29
49 2
40 39
9 30
50 33
42 26
42 3
0 37
26 54
4 48
34 48
37 39
53 4
28 46
40 52
15 38
1 42
43 44
36 29
34 9
29 54
42 0
22 28
17 15
55 49
33 21
48 36
48 2
18 6
8 13
58 4
59 55
56 30
4 9
17 9
2 8
53 36
50 48
53 8
4 35
7 15
39 33
56 54
57 54
58 20
19 5
49 48
39 49
28 29
48 40
50 1
41 15
48 37
1 45
34 21
46 38
17 51
25 18
12 46
43 31
39 56
16 5
40 18
37 10
36 14
44 39
25 36
48 8
30 52
53 34
36 56
38 52
19 3
31 54
31 25
25 29
15 37
44 11
30 14
43 9
24 8
1 8
19 17
12 44
37 50
13 9
25 39
5 51
9 0
19 34
23 54
30 2
7 18
39 30
42 8
22 51
32 37
0 11
35 45
25 56
26 21
54 34
52 8
26 12
40 37
9 48
1 25
5 50
55 25
10 5
10 4
18 5
42 35
48 58
30 27
46 4
57 16
8 27
22 12
7 40
13 30
2 34
45 36
56 46
53 55
5 14
26 32
15 27
53 35
59 53
13 5
35 41
40 19
11 42
6 12
48 5
33 45
36 23
13 40
44 30
8 35
47 33
38 10
39 7
13 25
30 20
29 26
11 24
20 26
43 0
55 19
4 24
12 11
12 1
45 58
49 27
27 28
4 11
21 9
17 6
32 2
43 4
27 17
33 52
14 0
11 59
13 15
16 31
20 25
48 46
24 40
22 19
42 39
5 21
31 7
25 32
18 50
21 18
20 1
33 32
41 7
32 3
51 39
47 35
55 41
3 28
31 10
41 8
21 25
39 59
1 55
19 42
56 4
37 35
6 38
32 52
4 15
5 40
32 23
18 43
6 59
34 55
57 43
26 22
42 41
36 44
37 11
44 24
22 44
29 14
20 45
7 51
19 21
32 18
34 52
10 53
30 49
29 4
33 30
24 10
14 18
15 32
17 13
19 14
37 8
12 3
12 59
40 31
23 57
55 24
