180
172 80
148 96
127 82
166 101
14 54
139 144
83 133
38 164
156 109
0 96
6 29
121 56
6 176
148 102
61 13
7 30
134 104
6 45
111 84
103 25
114 93
29 135
155 178
169 176
29 20
7 134
25 67
64 31
95 35
137 39
84 18
126 14
59 97
81 130
156 71
128 7
25 77
35 176
129 36
125 1
80 157
44 13
3 68
150 38
170 179
75 85
50 158
124 27
114 119
60 90
85 136
83 161
52 55
2 77
28 167
29 21
20 113
173 13
0 168
77 30
98 69
24 157
39 2
153 103
62 6
55 164
79 95
136 11
90 179
164 145
153 166
138 88
45 24
90 171
160 116
20 74
4 60
153 138
71 114
152 17
35 166
163 67
43 136
142 76
38 74
118 141
0 27
21 87
92 49
41 171
58 171
11 34
118 50
9 113
8 107
138 112
130 51
82 156
52 87
136 178
74 148
106 96
78 135
143 88
15 65
92 22
160 11
62 20
124 154
126 177
94 157
32 11
37 53
112 45
70 139
120 137
65 102
102 103
174 68
101 59
74 2
15 130
33 164
160 156
152 161
112 177
38 149
176 92
12 35
16 15
70 80
143 26
43 38
13 1
1 57
119 146
74 135
98 74
88 119
147 165
34 135
107 32
42 169
130 80
135 52
165 103
50 127
162 134
144 9
5 53
5 37
8 104
177 81
158 102
65 7
169 109
51 152
87 127
152 132
145 88
51 139
91 131
111 27
163 81
124 40
5 27
138 121
97 52
83 142
3 121
128 156
109 97
53 54
124 82
129 1
179 142
43 71
29 178
73 155
48 151
111 96
61 100
96 60
29 158
166 80
27 32
173 90
102 164
169 132
138 171
141 68
173 121
124 50
147 157
41 28
35 96
70 39
105 104
19 135
59 114
10 0
47 149
150 79
36 172
106 165
112 18
132 4
100 145
50 16
143 121
132 10
45 100
95 176
135 111
11 52
48 6
94 63
112 71
31 176
92 5
175 129
114 72
74 34
151 153
21 39
17 119
95 177
31 148
126 175
170 100
13 16
78 129
122 59
140 132
152 105
93 15
137 169
126 28
162 147
130 149
27 63
156 107
44 146
161 153
56 58
90 149
109 2
40 159
129 150
170 33
162 146
15 153
162 123
0 97
146 114
4 168
154 48
157 159
113 64
28 46
40 112
75 98
1 42
103 164
96 29
34 129
29 54
102 120
142 148
17 75
115 169
93 141
108 156
108 62
138 66
68 73
178 4
179 115
56 150
64 129
17 129
122 68
113 36
170 108
113 128
4 35
7 15
99 33
176 54
117 174
178 80
79 5
169 168
99 169
88 29
168 160
170 121
41 135
108 97
1 165
94 141
111 150
46 98
77 171
145 18
132 106
103 151
99 176
89 58
16 125
40 18
157 70
21 128
36 14
164 39
176 91
85 156
168 8
30 52
53 34
38 110
96 116
127 15
38 112
139 123
151 174
151 85
85 29
54 74
75 37
44 131
179 88
30 74
139 79
163 69
162 3
24 8
13 113
61 8
139 77
132 164
37 170
13 9
85 39
125 111
69 60
59 157
19 154
75 157
143 114
30 2
77 135
67 138
39 150
162 128
133 76
22 171
32 37
0 11
95 45
145 176
26 81
114 94
172 128
26 72
36 142
76 136
100 97
69 168
61 145
125 170
115 25
130 125
145 137
10 4
138 65
42 155
48 58
30 147
46 4
117 16
8 87
82 132
7 40
13 90
62 34
45 96
56 106
173 115
125 74
75 137
26 152
135 87
53 35
59 113
133 65
95 101
100 139
11 162
126 72
56 178
168 5
93 105
36 143
133 160
164 90
85 55
68 155
167 93
98 130
99 127
13 25
90 80
29 26
131 84
173 128
20 26
103 60
175 49
175 79
64 24
132 131
72 61
165 58
92 146
97 39
169 147
147 28
64 71
21 9
77 126
92 122
43 124
120 17
87 77
102 109
33 135
43 0
153 172
14 0
79 63
71 119
73 135
76 91
80 145
108 106
144 160
48 34
37 10
22 79
42 159
64 58
125 141
59 55
31 67
85 92
78 110
32 26
16 145
141 18
13 143
20 121
93 45
90 99
153 92
41 127
32 63
65 157
51 159
107 35
55 41
63 88
151 130
2 152
101 128
81 85
46 140
159 179
1 115
109 62
139 42
154 2
56 4
37 35
6 98
32 112
156 145
64 135
5 100
152 83
138 103
43 44
126 119
154 55
177 163
146 22
94 55
94 175
102 41
156 104
97 71
30 171
104 84
178 58
142 164
149 14
140 165
67 51
139 141
95 102
32 78
154 52
70 53
69 96
132 20
10 12
96 14
90 49
126 12
39 157
29 4
153 150
144 70
74 18
15 152
137 133
139 74
97 128
132 3
132 119
160 91
152 12
83 117
175 24
135 16
135 114
145 86
159 114
4 109
24 81
25 175
40 167
178 149
28 133
136 60
77 14
133 90
140 71
23 45
103 40
153 35
51 54
39 175
140 153
131 123
98 42
112 136
169 131
94 142
11 171
16 137
7 47
153 95
119 83
53 168
62 68
160 96
69 65
170 126
79 15
133 128
98 169
126 70
12 54
33 61
17 77
89 69
116 102
29 100
167 160
3 163
22 114
160 148
150 126
140 173
137 162
49 140
55 109
149 6
142 84
174 35
14 130
45 55
143 172
157 35
89 32
144 148
101 177
166 170
90 16
115 28
169 12
82 87
165 115
126 41
127 135
94 77
174 154
147 10
94 19
115 61
136 2
111 10
15 104
22 155
95 16
127 18
114 155
59 35
59 117
3 89
132 122
113 117
13 57
174 70
7 166
66 108
176 150
69 120
29 161
108 165
33 177
110 32
154 11
45 155
117 3
144 132
102 136
164 32
108 120
171 46
118 134
161 115
178 120
167 4
146 75
137 92
141 109
33 94
139 23
146 78
49 151
52 119
30 37
113 41
72 75
133 37
140 17
86 55
57 41
166 178
162 9
101 80
146 73
154 51
2 151
107 9
68 15
22 38
139 118
10 150
174 107
76 59
45 134
88 155
120 113
3 66
25 112
126 83
38 44
78 94
14 111
173 59
150 162
64 106
88 32
104 114
7 55
167 159
129 165
165 105
147 168
12 11
46 61
157 95
117 93
131 116
46 109
113 56
130 169
143 58
69 75
83 163
71 136
136 115
124 28
87 165
144 121
126 22
6 175
52 93
155 116
12 23
13 50
3 84
2 1
51 122
161 164
82 140
48 111
154 160
127 162
61 9
76 92
161 92
121 9
158 41
61 35
84 75
111 54
40 53
14 71
136 132
102 167
175 45
144 111
21 73
33 137
21 65
177 69
52 5
4 72
25 27
146 39
97 174
176 102
148 43
23 49
151 134
98 67
50 14
44 168
35 173
100 171
1 178
44 172
124 52
91 144
73 26
110 128
63 13
107 119
79 153
142 116
169 51
69 107
118 76
72 139
19 33
4 77
80 42
30 89
31 8
147 66
168 95
64 94
140 106
96 53
129 102
80 58
39 172
112 109
10 69
135 68
100 173
98 3
27 125
64 165
14 167
28 38
123 33
50 161
0 100
73 101
139 143
135 65
64 167
46 114
160 92
43 109
22 83
111 114
17 146
36 160
103 85
118 135
56 46
19 158
148 12
12 29
50 23
15 108
18 103
178 116
25 158
106 107
52 141
133 104
54 88
53 104
64 153
71 146
106 30
119 144
1 60
27 131
82 70
146 171
22 173
74 73
71 100
102 58
28 27
166 163
4 170
98 135
152 147
27 102
29 45
173 105
63 33
108 14
128 24
132 118
55 65
149 92
33 8
44 170
17 8
42 127
51 21
114 106
7 174
52 33
53 119
1 127
103 44
134 15
32 117
86 116
111 173
41 75
89 126
29 120
9 169
119 171
178 17
53 22
145 140
44 134
56 64
109 51
44 2
74 11
170 79
64 73
82 66
21 81
37 119
83 70
121 29
150 159
84 60
83 11
55 128
19 167
37 74
171 159
133 47
32 91
83 43
42 41
53 170
70 118
158 107
112 152
84 124
75 133
23 76
114 151
96 102
160 141
111 26
90 94
91 29
78 156
137 40
68 67
115 156
159 109
40 85
103 50
149 97
87 10
138 68
134 77
1 158
144 59
162 152
101 86
101 162
18 90
129 31
74 140
7 154
132 41
100 163
61 132
9 114
94 25
133 121
61 156
14 28
160 90
159 25
100 58
133 40
77 129
9 83
40 2
102 100
119 169
74 21
173 167
27 33
115 111
30 38
35 19
82 34
72 100
149 78
124 121
74 163
94 86
106 31
96 42
145 109
53 99
134 149
9 60
4 59
145 78
8 158
115 145
34 88
160 65
173 126
147 137
156 57
165 82
101 112
78 132
42 102
88 53
168 121
124 166
115 40
92 106
178 164
124 178
27 84
21 19
120 124
100 151
65 79
5 12
173 178
36 111
28 21
63 114
78 176
46 75
107 27
125 144
38 81
54 92
120 84
139 69
10 19
83 153
170 173
178 158
28 64
41 146
4 169
137 96
75 147
157 148
159 136
24 111
40 122
48 72
177 40
144 13
24 131
161 97
85 0
137 44
71 2
163 13
70 153
166 53
147 135
39 34
19 140
17 92
128 174
55 125
172 160
23 10
31 135
152 160
163 4
30 6
73 70
167 115
71 53
176 115
150 175
175 148
41 2
173 67
80 136
63 20
94 13
151 81
156 39
79 19
17 25
87 178
70 102
38 25
37 26
158 173
25 168
147 65
54 150
2 110
86 174
60 108
166 15
131 55
173 9
172 159
99 167
120 96
14 95
108 23
153 37
133 39
179 164
46 58
106 24
109 161
142 153
143 167
11 20
52 99
159 131
22 89
162 82
98 68
137 56
170 63
103 141
119 26
161 108
72 38
76 51
82 80
103 145
165 86
76 64
0 94
94 23
84 176
46 52
41 9
173 145
32 94
60 100
12 32
1 9
144 31
65 64
20 98
15 120
87 0
157 121
54 30
42 93
104 50
78 61
53 160
165 73
166 64
115 143
127 93
128 47
118 53
79 48
54 43
58 4
125 98
140 164
6 63
37 131
119 70
116 134
164 165
175 84
157 69
47 96
69 161
134 57
131 154
36 167
77 157
162 148
90 69
36 146
135 91
150 109
49 147
147 114
93 68
141 82
58 47
120 117
177 68
75 79
70 131
57 29
83 170
48 160
52 82
13 17
58 98
111 33
178 69
12 136
165 76
153 33
145 69
101 78
164 97
132 108
32 126
31 21
73 122
10 46
94 50
13 116
96 33
116 162
85 147
106 63
140 76
96 158
128 163
58 65
142 51
5 24
150 15
134 153
32 159
101 124
167 3
55 68
144 179
110 117
173 6
159 117
57 21
127 179
27 94
47 104
64 5
54 101
81 75
69 33
142 98
106 97
39 173
121 95
150 115
97 165
172 33
115 151
132 1
132 56
6 57
74 137
122 30
13 117
44 124
24 73
34 77
92 55
94 134
43 112
79 23
140 172
83 73
170 32
43 176
118 163
123 107
40 38
174 95
120 72
74 10
153 174
134 34
30 43
5 32
10 89
149 153
5 75
111 2
68 4
93 149
131 90
51 10
5 167
147 106
9 34
131 133
55 170
119 68
178 151
10 11
28 171
5 41
32 90
84 174
8 10
51 126
127 136
29 48
156 127
136 161
91 3
137 47
159 99
4 31
138 29
11 61
86 158
163 165
79 114
2 141
80 151
28 22
27 137
20 51
50 153
41 54
131 51
171 27
27 116
110 68
69 141
10 15
21 132
78 117
108 54
114 48
18 129
140 116
171 147
95 75
119 102
36 115
149 21
67 10
38 116
157 62
83 52
20 21
121 80
146 157
44 175
40 26
37 44
126 54
28 132
129 32
13 58
92 42
0 8
162 14
132 69
82 163
29 128
170 162
67 14
31 178
160 78
51 66
21 36
174 14
22 97
68 130
175 158
79 88
93 57
122 143
21 147
121 137
122 67
137 83
144 30
101 82
176 112
4 47
165 166
12 118
101 138
12 20
76 141
48 66
111 72
32 179
168 66
42 32
111 88
161 89
132 155
54 16
75 153
94 120
136 122
178 104
36 46
70 93
143 51
135 119
24 176
122 46
131 30
43 131
35 168
155 50
86 36
103 127
59 168
85 72
165 27
91 178
155 152
160 174
146 99
133 84
65 167
96 70
15 29
10 53
176 9
112 91
130 4
151 17
56 128
78 107
149 45
46 156
2 130
37 110
151 164
163 148
117 41
58 73
101 134
17 105
146 87
135 115
175 178
126 124
45 94
149 8
101 53
132 168
66 122
73 50
114 32
88 46
68 109
92 147
61 171
0 125
93 75
24 113
134 172
111 105
175 127
48 0
61 66
109 131
2 20
31 100
154 173
121 94
25 57
27 89
153 11
46 30
176 45
137 2
42 70
160 49
12 71
28 43
60 54
132 172
72 47
83 82
48 30
19 112
2 126
169 125
96 27
179 42
6 70
69 53
11 29
167 61
85 26
61 103
110 138
140 134
37 22
0 18
95 109
2 29
71 32
66 45
10 171
26 122
18 19
103 70
100 16
168 86
34 35
41 45
110 146
121 167
52 157
141 153
98 147
170 1
119 109
95 87
44 59
97 118
150 46
131 20
14 16
20 14
175 60
109 108
110 4
56 152
5 163
1 73
109 165
119 41
65 23
11 156
152 142
174 46
128 139
147 156
165 177
107 5
120 141
74 146
124 9
105 49
72 144
119 98
114 23
120 8
144 169
160 126
91 21
131 42
59 134
89 140
126 154
85 31
80 19
13 69
143 20
48 84
55 147
157 160
24 55
36 19
24 142
134 113
152 34
66 124
157 67
14 103
51 173
15 17
34 160
55 177
74 53
133 109
123 57
22 161
103 93
123 2
27 18
23 43
67 154
56 39
88 1
109 160
155 7
102 93
71 45
110 103
26 162
93 169
152 120
55 97
6 131
109 34
11 8
0 52
120 122
85 125
174 130
76 121
135 121
56 47
120 30
78 72
46 55
83 47
89 75
7 122
125 30
158 147
76 19
156 40
111 82
164 61
86 25
175 31
150 50
157 169
122 95
177 78
68 23
86 153
173 120
7 179
176 38
18 157
174 115
154 87
64 26
58 115
132 154
140 138
91 13
26 153
59 25
122 171
42 151
147 146
102 22
142 20
91 134
82 174
33 43
120 46
61 170
155 168
53 15
0 23
127 95
154 91
10 88
148 118
109 21
68 29
165 142
156 67
84 107
51 148
112 119
43 159
47 161
36 161
7 162
154 6
109 125
147 112
71 59
174 134
58 126
21 34
175 154
116 3
167 9
141 179
85 87
87 75
117 144
177 30
93 35
52 90
25 138
26 109
36 62
147 163
10 155
135 143
155 113
108 158
82 92
2 34
12 113
163 28
66 119
0 1
84 157
154 73
161 58
78 134
26 104
162 90
72 109
148 110
158 51
27 44
113 163
89 117
25 18
169 73
45 76
171 17
27 93
136 139
176 164
11 110
89 162
29 130
37 8
166 134
26 141
110 100
154 22
39 106
60 126
82 33
144 178
62 22
73 85
127 8
135 117
85 117
56 1
140 40
71 54
157 120
83 148
50 117
176 49
63 146
25 123
1 101
24 44
71 30
149 80
107 44
70 48
152 109
56 130
6 14
121 172
20 127
177 46
59 29
56 67
94 170
50 123
148 139
77 96
15 12
33 79
24 69
19 132
178 179
19 28
75 73
119 47
66 10
12 21
62 43
38 73
108 22
36 124
63 10
42 68
15 8
53 98
96 140
37 139
62 130
105 172
72 167
59 171
117 96
125 123
91 151
22 45
132 94
42 77
72 21
79 21
123 88
41 93
45 136
15 26
79 31
100 122
1 131
60 148
47 143
98 28
58 55
29 150
175 130
51 73
157 1
82 131
25 142
17 116
45 77
98 12
1 45
178 92
40 119
136 93
95 28
179 111
64 108
113 96
79 149
158 120
127 88
3 52
3 45
18 92
4 90
7 42
75 112
76 134
60 165
110 151
166 167
155 16
62 132
56 57
111 159
149 10
11 98
124 128
51 113
104 54
101 120
154 119
12 65
139 108
66 166
48 20
57 81
171 80
125 154
133 32
116 135
124 15
129 134
141 10
162 20
104 37
5 20
159 119
31 59
28 169
81 48
89 36
96 62
165 46
100 157
25 33
121 40
170 143
38 67
80 105
11 26
129 51
141 111
76 77
154 20
8 72
159 132
72 118
162 99
99 83
163 150
170 25
112 37
18 174
80 174
132 8
50 6
122 37
45 8
14 110
6 160
102 56
127 121
51 53
62 8
175 12
109 116
14 119
128 160
161 176
53 80
76 81
24 102
72 91
79 86
157 53
45 132
5 51
12 30
164 122
10 112
110 172
108 95
0 24
115 66
87 98
141 34
114 29
108 72
151 177
119 85
111 123
126 112
60 177
125 83
117 37
84 39
91 152
155 81
91 158
96 165
8 170
78 6
144 105
129 9
151 96
84 6
72 133
73 33
119 18
144 7
17 125
154 72
9 45
116 82
35 136
137 5
51 36
126 141
156 64
33 44
113 17
116 39
117 43
37 161
72 164
70 89
56 6
171 107
8 178
105 86
33 9
66 22
106 169
70 9
100 153
174 167
95 11
30 63
55 162
25 6
93 118
176 73
52 34
102 88
62 31
165 157
179 93
137 19
133 50
35 74
90 137
79 82
164 76
33 46
31 72
168 68
168 92
110 7
138 45
172 42
21 95
24 130
103 43
1 153
16 43
90 120
129 83
130 47
10 95
125 172
166 94
40 90
82 120
106 91
152 75
30 19
151 148
36 83
2 22
139 173
118 170
37 171
123 165
14 33
148 109
99 119
77 86
5 91
23 6
16 150
0 45
72 155
58 97
104 123
97 35
170 141
149 13
161 73
63 84
30 154
73 39
9 46
3 11
115 129
115 12
97 42
88 80
127 130
94 163
67 104
86 148
11 17
128 89
132 176
23 158
30 152
163 77
129 50
2 11
65 159
75 49
17 110
141 121
73 59
16 65
59 56
158 3
11 18
154 136
123 19
112 169
160 111
63 176
61 2
116 125
65 111
91 162
9 90
140 179
173 118
56 48
144 19
24 126
8 171
108 6
27 103
126 156
29 106
34 138
136 23
151 39
8 175
73 124
164 35
106 155
0 4
74 39
116 41
175 26
105 39
171 88
98 48
105 54
134 66
70 47
8 121
158 18
27 178
33 62
70 60
174 66
4 103
153 126
46 136
171 125
169 61
113 55
157 167
115 164
13 137
109 110
20 17
55 119
171 135
81 27
150 102
83 132
155 105
60 92
122 133
13 81
150 146
159 33
54 109
62 117
15 58
120 144
9 170
175 13
68 134
61 120
97 65
172 174
5 89
134 73
99 134
9 19
15 45
77 115
114 16
33 12
45 91
26 41
167 35
75 110
154 115
74 7
131 77
32 141
0 22
39 16
66 164
102 153
52 24
35 165
62 45
2 84
80 148
151 158
19 89
35 66
40 153
117 91
37 155
99 152
156 24
117 63
148 1
4 148
170 98
102 174
29 8
59 94
116 26
83 108
67 66
115 9
151 179
21 30
160 68
164 26
0 106
122 17
122 62
49 115
150 4
63 58
86 150
73 141
59 10
162 108
90 102
102 156
79 158
13 41
129 136
96 155
92 57
168 101
131 21
155 55
157 76
34 99
65 70
92 68
39 52
49 97
144 83
153 48
137 15
140 61
98 150
148 161
144 137
51 82
55 30
149 81
88 28
137 177
56 40
80 102
24 107
78 59
38 66
140 80
10 58
125 166
14 140
51 31
80 156
160 145
14 4
101 57
120 118
91 61
82 95
100 10
153 85
75 104
81 126
22 169
123 124
147 15
96 32
87 49
176 0
118 102
126 106
51 90
67 58
122 150
43 140
123 26
91 170
112 83
76 125
20 175
49 172
123 179
5 21
132 54
105 51
56 171
166 106
173 49
17 93
86 41
178 51
14 13
12 37
85 163
26 19
157 31
178 170
110 58
90 161
58 134
121 46
29 39
51 132
43 155
146 83
90 93
61 10
98 51
81 2
139 52
131 129
134 55
19 16
100 83
22 49
118 179
108 13
69 162
33 125
79 169
165 137
115 120
80 40
136 101
11 163
122 115
119 106
144 24
147 70
44 178
164 57
163 102
160 125
178 109
104 132
179 109
8 30
47 52
9 178
20 106
60 139
45 144
65 41
25 45
132 0
25 4
39 159
71 123
154 97
138 58
68 100
152 28
68 161
22 151
115 83
46 89
173 92
51 14
119 73
54 99
72 41
148 16
139 105
103 8
154 110
97 46
1 141
171 7
146 153
56 138
107 173
172 169
107 130
22 167
120 116
123 136
106 55
104 148
114 60
124 110
112 172
46 92
63 173
173 123
169 141
121 122
133 55
160 121
17 4
128 137
33 178
175 105
92 81
62 166
47 111
20 59
152 23
89 131
0 175
145 122
63 50
178 111
136 58
26 136
69 165
3 124
54 47
152 173
36 49
110 139
37 98
127 142
120 105
52 147
123 39
128 142
13 67
62 95
39 153
103 66
28 50
11 76
44 61
124 20
27 51
30 176
109 91
123 147
15 115
44 69
43 115
61 93
157 173
11 62
58 49
42 177
153 167
102 173
78 100
174 119
64 139
69 35
56 147
51 91
49 146
90 127
52 67
20 55
158 112
6 137
157 88
35 123
120 136
167 83
21 26
124 30
99 114
137 102
137 67
120 175
5 87
155 71
0 162
152 35
17 141
117 168
112 72
63 49
2 90
47 152
14 106
179 149
26 168
47 84
15 72
147 6
8 76
152 171
128 16
15 20
136 49
