300
232 200
28 276
7 22
286 161
134 234
259 24
263 73
218 44
216 169
180 96
106 46
126 149
1 116
66 116
28 42
241 133
187 210
254 224
6 225
270 127
111 204
283 265
174 153
89 75
35 298
49 296
29 200
187 74
145 127
184 271
155 35
257 99
24 18
186 254
179 277
141 10
156 71
128 67
85 257
275 176
189 36
125 121
20 277
224 253
123 68
30 278
230 179
195 25
230 38
4 87
70 250
54 59
0 30
145 16
203 161
172 235
62 17
268 107
209 261
140 173
53 73
240 228
77 270
38 69
24 217
159 2
33 223
62 6
115 104
199 155
76 191
30 239
44 25
273 106
258 208
285 144
90 171
160 176
80 194
244 240
153 258
191 54
272 197
275 106
103 67
43 256
202 196
98 194
118 81
180 87
201 87
32 49
161 231
298 291
131 214
58 290
69 53
248 47
198 172
190 231
22 276
232 207
256 178
254 28
166 156
78 135
263 148
135 185
92 22
160 131
122 200
184 94
246 57
274 37
212 131
97 233
112 285
130 139
60 77
125 42
102 283
54 188
41 119
14 122
135 250
93 44
40 216
32 281
52 177
218 209
236 212
72 215
76 255
190 260
23 206
223 278
133 61
121 237
119 266
14 75
98 254
28 299
267 165
94 195
287 152
102 49
190 80
135 112
225 223
170 127
222 134
264 249
125 113
5 217
128 44
237 261
218 282
245 7
49 169
111 32
147 67
212 192
205 268
171 259
271 71
111 87
103 21
124 280
5 27
78 181
157 52
23 142
183 1
8 96
289 37
173 114
64 22
69 1
239 142
43 131
89 58
253 215
108 151
111 36
121 280
16 76
156 180
29 98
166 20
27 212
53 30
282 104
49 12
138 51
21 128
293 121
4 110
147 277
221 148
35 96
130 39
285 224
259 15
119 54
190 0
167 29
150 79
156 292
46 225
232 198
72 124
280 265
50 196
23 1
72 10
225 160
95 56
15 111
191 52
288 186
34 63
112 131
271 176
92 5
235 249
294 12
14 214
211 153
261 159
17 239
95 297
31 208
246 55
230 280
193 16
198 69
2 179
140 132
92 45
213 75
17 229
186 208
162 207
250 29
267 3
276 167
104 266
231 75
101 93
236 238
270 29
169 242
40 99
69 90
147 27
170 213
42 146
195 153
102 3
60 277
266 234
184 168
94 48
157 99
293 124
28 106
100 52
135 158
241 102
223 104
276 269
94 249
269 174
42 0
22 268
197 195
175 229
213 261
168 36
168 182
258 66
248 253
269 10
238 64
179 235
296 210
124 9
137 249
62 128
53 216
50 168
53 68
244 95
187 195
159 153
296 54
57 294
118 20
139 245
289 228
39 229
28 269
108 40
110 121
281 135
168 217
1 285
154 21
231 270
226 218
197 171
25 138
192 106
103 211
279 56
269 58
136 125
40 138
37 130
201 8
96 254
104 39
296 31
145 156
228 8
30 112
293 274
158 110
216 176
67 195
38 292
259 3
211 234
211 205
205 209
294 14
15 157
104 131
119 268
270 74
259 199
103 189
222 63
204 248
193 113
1 188
199 77
252 104
157 110
253 69
205 159
125 111
249 180
59 217
79 214
75 37
143 294
210 182
17 195
7 198
279 30
162 188
13 76
82 291
92 217
120 11
35 45
85 296
266 141
54 94
52 248
86 132
216 22
256 196
40 277
69 288
241 85
245 170
115 85
10 185
85 17
190 184
78 125
162 35
108 238
270 87
226 184
297 76
248 87
22 192
67 220
13 210
242 274
285 156
296 166
173 115
5 74
26 212
135 267
173 95
59 53
73 125
215 281
40 19
11 42
126 12
116 298
228 125
33 285
276 23
193 220
196 265
224 150
145 115
188 95
107 273
218 130
279 127
200 182
193 85
150 260
149 86
191 24
53 248
200 206
103 240
55 289
295 259
184 264
192 11
72 121
285 118
152 266
217 279
169 147
267 268
244 251
81 69
137 66
152 122
43 184
180 77
87 17
45 46
282 289
153 15
283 120
273 172
14 180
79 3
131 239
229 109
193 15
16 151
20 25
168 46
24 280
168 34
277 250
82 259
42 159
4 298
125 141
119 55
151 67
205 212
258 50
272 266
196 145
81 78
253 263
140 181
273 165
270 279
213 92
101 7
152 243
185 37
291 219
287 95
295 161
3 208
280 110
31 190
242 92
161 8
141 145
234 194
226 140
99 179
241 235
229 242
19 42
214 122
236 244
217 95
66 158
32 112
36 205
184 195
185 160
272 203
78 223
223 164
6 119
154 295
117 163
266 262
34 175
154 235
102 161
216 224
97 191
270 111
104 264
238 178
142 224
269 254
80 105
234 26
247 291
199 201
275 102
272 18
94 52
190 53
252 80
216 134
30 229
66 192
99 277
209 4
170 4
93 30
144 190
14 78
75 212
197 13
19 14
249 193
217 128
72 63
192 179
40 91
152 132
143 57
175 24
75 136
255 174
205 206
99 54
4 109
24 141
25 55
100 167
238 209
148 133
16 0
257 134
253 210
80 251
83 285
43 40
33 215
231 174
219 295
200 93
166 268
131 183
218 222
52 76
109 191
94 202
131 51
256 257
127 287
93 275
98 290
59 143
233 48
2 248
220 156
69 5
110 126
139 255
13 8
98 289
66 10
132 54
213 181
257 197
89 129
56 282
269 220
47 280
243 283
22 234
100 148
87 277
90 66
80 173
137 282
169 20
55 49
269 6
202 264
294 155
254 10
45 115
23 112
97 95
269 152
24 268
41 57
166 170
150 196
175 208
169 132
142 87
285 55
66 41
187 135
274 197
174 94
147 250
214 139
295 241
196 62
171 130
195 284
82 95
155 256
67 198
174 275
59 215
179 57
243 89
72 122
233 117
73 117
294 250
187 226
6 48
56 90
9 0
269 221
48 45
93 57
230 212
214 71
45 155
57 183
204 192
162 196
44 32
228 60
231 166
238 134
41 235
34 251
58 60
167 244
206 195
257 32
201 109
33 154
199 263
146 18
49 31
292 239
270 37
293 281
12 195
73 37
260 17
206 295
117 281
106 58
282 9
221 80
266 73
214 291
242 271
227 69
248 195
82 278
199 238
190 210
294 227
256 59
225 194
28 95
240 293
183 6
145 232
66 143
158 44
138 274
134 111
53 239
90 162
64 106
268 272
224 234
127 175
97 277
107 99
9 45
267 228
132 11
106 121
157 35
237 273
191 56
286 229
113 176
250 169
203 238
189 135
83 223
131 196
136 295
124 148
27 225
24 1
104 272
66 22
246 295
232 213
215 176
72 83
253 290
243 84
182 121
51 62
281 284
142 80
228 51
274 100
67 102
181 189
16 212
281 92
61 129
98 101
1 35
204 135
231 234
280 53
254 11
256 132
162 227
295 225
24 231
261 133
273 137
21 245
177 189
112 185
64 72
25 147
266 279
112 45
277 54
56 162
28 103
23 229
211 254
158 247
170 254
164 288
215 173
213 78
220 231
241 298
104 292
124 112
151 24
13 86
170 8
63 133
47 119
199 33
82 236
49 291
129 167
118 196
252 19
259 33
64 17
20 102
72 15
30 149
211 248
147 126
108 95
244 154
140 106
276 53
9 102
200 58
159 232
292 289
190 9
255 8
160 173
98 243
207 65
124 285
194 227
268 218
123 153
290 161
180 40
133 221
19 263
255 185
64 227
286 234
160 92
43 49
22 203
51 114
17 86
216 100
283 145
58 75
236 286
259 158
268 72
72 29
290 263
75 168
198 103
298 176
145 278
286 227
52 201
73 224
114 208
293 284
68 217
184 273
71 146
166 90
179 84
1 180
267 131
202 130
146 171
202 233
254 73
11 160
282 178
28 27
46 283
184 50
98 195
32 267
207 282
269 45
233 105
3 33
48 254
68 144
252 298
235 185
29 212
93 68
164 230
77 248
222 7
111 261
174 286
7 174
232 153
293 59
121 7
283 164
126 143
74 135
92 297
146 56
111 53
161 195
209 126
209 240
69 109
189 124
59 291
58 197
173 142
205 260
224 134
296 4
109 231
164 242
74 131
290 79
4 193
262 246
262 32
21 81
217 239
143 130
61 89
210 99
84 0
203 131
235 248
19 227
277 74
111 219
253 107
244 13
32 271
83 103
42 221
293 50
70 178
158 167
200 298
112 272
264 244
135 193
143 196
54 91
156 42
19 94
160 21
171 266
210 274
151 269
198 276
137 220
68 67
235 96
99 229
160 145
103 230
269 37
147 10
138 68
14 197
1 158
24 239
282 152
221 266
101 102
138 270
249 91
213 93
74 80
247 274
192 221
280 163
181 72
9 114
274 145
181 276
160 90
219 25
40 298
193 100
137 189
249 203
100 242
42 160
59 229
194 141
173 287
207 93
115 111
150 98
35 19
294 72
142 94
136 85
252 280
209 258
124 241
134 103
154 206
106 91
276 42
189 9
156 254
85 229
207 240
233 39
134 269
189 60
4 299
25 198
188 38
295 25
274 148
40 245
233 66
267 77
96 237
165 82
161 52
138 192
282 222
208 293
228 61
4 106
64 91
55 160
272 286
118 164
184 178
207 204
261 79
180 4
40 271
5 259
245 192
233 298
276 291
88 21
63 234
18 56
44 55
226 195
47 27
65 144
38 201
174 92
60 24
79 69
10 19
83 273
178 158
146 265
281 26
4 289
257 96
255 87
97 208
39 76
84 51
40 62
168 252
57 220
84 13
264 251
281 157
265 60
192 114
197 164
71 122
283 13
250 213
286 173
87 15
39 154
259 20
137 272
68 294
175 245
172 40
143 10
36 105
151 75
32 40
163 124
210 246
193 250
107 175
71 293
296 115
270 175
115 28
161 122
113 247
80 196
243 80
103 229
214 193
91 21
276 279
39 97
79 259
257 25
207 58
130 162
218 25
277 26
158 173
25 108
207 125
234 270
122 230
206 234
120 228
286 75
251 295
173 9
52 39
159 287
120 36
155 226
134 215
168 23
196 85
213 37
73 279
299 224
106 178
286 264
109 41
108 23
82 213
203 167
71 20
52 159
99 251
82 89
42 262
189 45
38 248
77 236
50 123
103 81
239 86
161 228
132 218
76 111
142 200
163 265
285 266
223 251
16 184
120 34
94 83
204 116
166 112
221 129
233 25
152 214
120 160
132 272
241 249
264 211
119 142
125 4
140 38
75 0
267 120
97 1
234 30
282 93
284 230
198 121
293 100
105 13
166 64
175 23
187 31
7 213
8 107
238 53
199 48
114 223
58 244
125 278
260 44
126 243
217 71
11 134
119 190
296 194
164 45
175 144
157 9
287 36
249 41
74 117
216 287
197 37
18 198
162 148
270 9
156 146
75 31
210 49
289 267
147 234
153 188
81 142
58 47
60 117
177 188
15 19
70 251
177 149
254 77
23 170
48 160
172 82
38 90
253 17
51 153
238 9
132 76
165 196
265 189
41 258
164 277
252 228
272 6
271 261
13 2
130 166
154 170
193 116
96 273
56 42
85 267
226 123
140 256
216 98
188 103
298 245
202 111
185 84
270 135
134 33
92 279
41 4
47 3
115 8
84 119
290 297
233 186
279 117
57 261
94 139
67 59
147 214
47 284
4 5
294 161
201 195
249 273
142 158
226 37
39 53
1 275
30 175
277 225
112 93
115 31
132 1
252 116
112 101
246 297
122 270
253 117
284 124
84 193
274 257
92 235
94 74
283 172
19 83
80 292
83 73
110 152
103 236
133 81
178 223
160 278
234 35
240 132
14 190
33 234
134 214
150 43
185 32
190 89
149 273
245 135
111 122
8 4
93 269
131 90
125 107
27 46
9 34
11 253
55 290
59 8
178 151
70 71
148 51
185 221
272 30
84 294
68 250
8 64
171 6
187 136
269 108
276 127
76 101
91 3
137 47
39 219
124 91
198 149
251 241
266 158
283 45
19 294
242 141
260 151
208 202
238 75
207 197
80 231
110 273
41 174
191 51
111 27
87 176
170 188
129 21
130 135
261 12
78 177
228 114
114 108
78 249
20 176
231 267
275 75
299 222
36 55
269 21
187 10
283 74
218 236
97 122
150 193
23 232
80 21
86 97
224 235
100 26
297 57
157 284
6 114
208 192
189 152
73 58
92 222
60 248
222 14
132 9
142 163
29 8
230 162
67 14
31 118
160 198
231 126
81 216
294 254
22 277
8 250
55 158
259 208
122 203
74 33
201 27
1 17
2 67
143 241
137 143
84 90
281 82
236 232
64 107
225 226
252 238
161 138
252 20
196 81
228 186
231 12
212 239
48 126
102 212
101 89
132 95
114 256
195 33
154 120
76 122
58 284
276 46
130 273
83 111
75 119
144 296
182 106
71 210
43 251
35 168
294 221
275 290
180 293
155 119
206 216
223 187
239 108
145 12
37 27
165 27
211 118
168 185
95 212
31 136
160 234
26 99
193 24
245 47
23 223
36 130
15 89
250 293
176 129
172 151
10 124
211 257
116 248
198 227
149 285
106 96
182 10
277 290
91 104
283 28
117 221
58 253
161 14
267 225
77 165
266 207
75 175
55 298
246 64
225 214
89 248
221 293
132 168
126 122
73 170
54 32
88 166
8 229
152 27
241 171
180 185
213 195
84 53
74 112
171 165
55 67
48 0
92 196
1 246
109 131
242 200
211 280
154 233
121 34
205 237
147 209
93 191
166 30
296 105
17 2
162 250
100 109
12 11
28 43
180 174
72 292
252 47
143 202
168 30
79 52
182 6
289 125
216 207
59 102
246 10
249 293
191 89
167 1
291 186
265 206
121 283
50 138
200 74
53 281
157 202
0 78
95 109
242 29
251 272
186 165
10 171
266 122
78 139
43 70
280 76
288 266
154 155
281 225
230 266
1 47
232 37
81 153
278 267
50 181
179 229
35 267
44 239
157 58
270 226
251 140
194 76
55 0
169 228
230 124
56 212
125 283
181 193
169 45
119 221
185 143
131 276
212 202
174 46
188 139
267 276
105 177
227 185
180 201
14 206
124 69
149 132
165 289
72 204
119 98
54 23
180 188
204 229
220 6
31 21
71 102
179 194
269 20
246 34
85 151
140 79
73 9
143 200
168 24
55 147
97 220
84 115
216 139
84 262
134 113
92 34
6 124
217 127
254 103
30 286
111 233
6 14
195 77
214 160
295 57
194 113
133 229
244 110
63 237
82 161
283 153
183 182
87 258
83 283
69 213
67 154
116 279
268 181
169 160
35 7
102 273
191 285
170 283
233 250
9 138
86 282
33 169
32 60
55 97
246 131
289 94
71 248
180 52
0 62
265 125
174 250
76 181
195 181
296 227
135 213
60 210
18 252
106 295
83 227
29 75
187 242
65 270
38 207
289 95
16 19
156 160
291 202
164 61
26 145
295 31
250 171
90 290
217 169
242 35
237 138
68 203
266 153
233 0
7 119
296 38
78 277
174 295
34 27
64 266
92 137
58 235
132 214
20 198
31 253
26 33
12 118
119 145
182 291
102 211
87 26
162 22
82 140
211 134
202 114
93 43
120 106
241 230
95 228
173 135
120 203
247 95
34 211
250 268
208 178
239 37
49 21
128 209
165 22
156 247
84 287
171 148
232 119
103 99
227 41
36 281
187 222
34 126
289 65
87 52
251 119
294 194
58 6
194 150
21 274
296 183
107 189
261 299
205 87
267 15
297 24
57 150
153 95
112 270
26 229
276 242
147 43
130 155
135 143
95 233
288 218
256 51
22 272
62 154
72 113
66 299
6 142
60 121
84 217
94 133
101 178
198 134
146 224
282 30
252 289
268 50
38 291
27 104
43 142
244 10
233 103
149 237
85 78
289 13
225 256
291 257
27 33
196 139
236 224
11 230
29 282
269 250
26 77
37 8
166 14
86 141
170 40
34 262
219 46
240 126
142 93
264 238
62 142
193 25
187 248
75 297
145 297
246 105
296 61
140 160
191 234
277 240
203 268
110 297
236 49
123 266
265 3
271 169
181 281
264 224
281 254
191 90
149 200
47 44
70 168
272 169
176 190
50 244
61 52
20 67
151 3
177 166
239 29
56 67
154 110
108 100
230 3
261 229
88 259
137 96
255 132
213 19
264 9
139 72
58 119
103 160
79 148
255 13
179 167
186 190
12 81
62 223
158 193
108 262
216 64
3 250
42 128
195 8
173 218
96 260
217 19
2 130
165 292
12 167
119 111
245 3
151 211
252 94
162 137
72 141
79 21
3 88
101 213
285 136
15 86
79 91
40 242
121 251
60 268
47 143
98 88
209 30
295 130
51 133
83 82
217 241
262 11
265 82
137 56
285 17
38 252
241 45
118 32
220 179
76 273
155 88
59 231
124 228
233 96
259 89
218 60
7 268
294 223
243 52
123 285
258 212
184 270
247 282
255 112
196 194
0 105
103 280
50 91
226 287
215 196
269 182
1 121
2 132
271 164
56 297
171 279
11 218
184 128
87 21
171 293
164 54
101 240
154 119
192 5
79 108
66 46
48 200
297 81
105 147
171 140
157 92
65 34
13 152
116 195
244 135
129 74
201 10
42 260
164 97
244 68
185 260
219 59
211 239
148 229
21 109
261 228
149 276
96 122
45 226
280 157
205 33
181 100
98 187
80 285
131 86
69 111
76 135
130 119
261 291
107 65
136 77
154 80
68 72
221 134
99 132
192 118
162 159
279 143
103 90
290 265
119 26
52 37
198 294
260 114
72 188
170 246
2 157
165 8
246 220
222 116
187 1
291 113
122 68
156 86
55 192
49 116
68 100
101 296
137 124
233 140
136 21
41 282
264 102
132 211
79 266
157 233
285 192
5 111
192 210
164 122
250 112
50 52
288 155
52 217
180 264
267 158
201 34
54 89
108 72
271 57
179 25
111 123
186 112
260 108
120 177
125 143
177 37
24 159
211 92
215 261
151 218
216 105
68 290
198 126
84 285
159 25
31 96
84 186
192 13
73 153
179 258
24 247
17 125
154 12
189 285
236 202
215 16
207 29
137 185
291 96
186 201
216 184
65 77
153 164
216 249
173 77
176 279
237 43
37 161
132 104
190 29
116 126
231 287
8 298
165 146
213 249
66 82
226 229
130 249
100 33
174 107
275 131
90 3
218 75
55 102
25 6
273 118
236 73
232 94
102 88
191 224
62 151
165 97
59 153
197 259
253 110
275 74
259 202
164 136
273 226
262 148
91 72
108 248
168 152
50 187
138 165
297 221
232 162
261 275
144 250
223 283
1 93
271 140
16 283
270 120
197 65
9 23
130 167
70 275
255 137
185 292
226 214
280 210
262 120
286 91
152 255
90 199
151 208
227 272
216 203
242 82
139 233
178 110
157 51
183 105
95 148
128 299
194 93
28 229
39 299
257 206
5 271
143 186
196 270
120 105
192 35
58 277
164 243
157 95
110 201
29 133
7 215
161 73
243 24
270 34
42 69
83 88
73 159
9 166
243 191
115 189
175 192
97 282
208 80
127 130
274 43
67 104
26 268
224 295
191 137
128 29
252 176
23 38
32 203
210 152
103 77
69 50
156 130
122 251
5 39
75 49
137 230
141 1
73 59
196 245
299 176
158 183
71 258
274 136
123 139
172 289
40 291
3 56
176 125
245 291
211 162
129 210
200 299
173 58
56 108
76 79
12 175
155 79
264 139
79 75
144 66
248 51
267 163
66 156
89 226
214 18
128 207
211 219
128 55
193 244
104 275
46 155
240 64
254 39
56 41
84 37
211 172
55 206
285 219
51 88
225 174
254 126
70 47
188 121
98 258
147 118
93 2
130 0
290 101
124 223
93 126
286 196
231 245
109 61
53 115
10 153
37 107
133 137
109 230
260 77
295 119
171 15
201 267
210 162
263 72
75 90
95 285
180 272
242 133
253 141
210 266
39 273
114 289
122 177
120 204
161 245
235 13
68 74
121 240
157 65
142 247
232 234
185 149
194 193
219 254
9 79
75 105
257 175
174 256
153 192
165 271
266 281
227 35
135 110
94 55
74 247
191 17
152 81
120 202
99 256
10 95
246 44
282 153
106 159
232 144
35 225
62 285
182 24
140 148
151 98
139 269
95 246
277 194
160 153
117 151
217 275
159 32
216 204
33 294
177 63
148 121
244 208
170 158
222 114
149 248
119 214
236 206
263 48
187 186
91 299
81 210
247 181
280 8
284 266
60 166
182 197
236 44
62 2
90 184
183 298
146 150
239 70
282 108
30 102
42 36
19 278
193 101
249 196
216 35
219 197
92 117
168 161
131 261
215 295
277 256
274 159
185 130
92 8
109 217
144 83
33 48
17 255
80 1
46 151
278 150
204 239
84 257
291 22
295 30
165 32
209 201
204 176
17 117
116 160
298 149
80 282
264 47
18 179
38 126
140 200
190 298
185 106
194 140
291 31
260 36
40 205
254 64
161 177
0 178
31 181
22 275
160 250
242 270
83 262
33 85
15 104
261 186
22 169
123 4
147 75
96 32
87 169
176 60
118 222
186 226
51 270
122 297
127 178
2 270
103 80
3 26
211 230
52 203
106 66
140 295
229 112
123 179
185 201
132 234
225 171
296 51
176 12
53 109
17 213
58 111
113 260
14 133
72 37
145 223
266 259
37 211
58 230
170 298
30 41
118 134
133 290
61 166
89 219
103 155
183 248
206 263
92 206
270 153
121 190
293 148
88 260
218 291
51 82
81 182
79 112
251 69
14 55
40 212
139 256
160 83
82 49
178 239
288 13
129 162
213 185
142 67
199 49
45 257
55 120
140 280
136 101
2 55
299 286
264 204
27 250
80 263
224 238
164 177
103 162
280 185
238 109
224 192
299 169
248 150
167 172
69 58
260 46
60 19
105 204
65 101
226 15
85 105
12 120
25 184
279 159
251 63
274 97
78 238
248 100
148 194
212 88
248 221
82 271
115 203
291 88
46 29
293 272
169 235
51 14
299 193
294 159
132 281
208 196
199 45
223 128
273 280
154 290
277 166
61 261
171 67
86 33
236 78
47 113
52 109
227 190
142 167
240 236
183 136
46 235
104 208
114 60
156 240
243 173
173 63
289 81
181 2
13 115
160 121
77 244
8 257
33 298
235 105
212 141
182 46
287 171
200 239
272 143
15 198
100 50
149 191
60 235
85 62
243 110
61 253
178 231
16 238
194 239
146 196
3 184
114 47
32 173
36 49
207 8
170 259
157 278
61 290
111 101
200 76
240 285
52 207
26 260
183 39
8 202
253 67
62 35
159 213
223 126
148 110
191 136
104 241
124 200
87 231
90 116
243 207
224 211
255 235
44 129
163 235
1 153
37 233
131 62
178 49
102 297
153 227
222 113
78 280
54 299
124 139
249 275
116 207
231 211
169 266
44 24
150 247
232 127
140 175
38 52
66 17
97 28
95 63
60 76
47 83
21 26
124 30
219 234
77 222
137 7
240 295
5 147
215 71
60 282
152 275
17 21
237 108
52 192
130 267
123 109
2 150
47 92
254 46
179 89
266 108
47 144
195 192
207 246
188 76
272 171
248 16
281 292
75 260
196 169
45 137
6 66
71 281
211 114
285 232
93 237
62 256
245 85
115 54
235 204
277 122
101 34
267 164
183 268
249 277
255 85
8 40
199 88
229 288
143 14
66 11
242 206
4 141
220 45
79 143
20 115
109 7
100 155
99 154
52 187
250 40
6 151
234 125
179 34
216 85
162 186
168 257
216 16
222 56
235 81
289 105
144 41
167 115
151 141
5 47
50 157
143 87
299 105
191 207
34 263
256 164
225 59
179 256
229 46
18 256
97 226
224 40
273 191
242 152
282 136
57 103
57 163
216 94
242 185
81 45
262 129
147 150
182 175
262 80
261 279
243 231
32 61
191 174
229 185
181 292
295 277
294 225
226 189
72 120
151 145
95 251
295 196
238 153
49 153
234 258
297 49
283 23
141 87
269 18
213 224
276 83
12 168
42 77
58 116
143 225
66 147
159 28
11 123
174 48
134 95
284 255
184 134
142 183
64 205
76 276
15 146
48 22
128 206
100 112
251 45
1 107
150 31
17 50
183 218
89 77
158 60
132 93
192 15
174 22
40 110
123 288
265 120
126 282
59 197
250 290
116 286
168 108
83 59
104 230
246 56
145 136
269 68
184 236
229 15
45 208
225 283
256 135
158 80
135 243
0 118
53 14
262 210
51 293
234 204
224 161
268 141
33 2
110 48
33 31
296 295
59 4
103 3
132 100
191 125
240 157
238 0
132 173
220 185
168 97
138 32
261 292
281 91
215 137
197 42
25 151
242 144
134 226
237 26
258 202
246 174
271 63
135 109
269 119
122 283
14 213
258 82
241 7
149 146
256 231
169 61
59 123
48 195
227 265
260 180
113 269
127 184
151 5
204 206
235 184
210 235
33 190
210 177
159 142
39 248
243 223
149 220
90 289
189 114
253 278
35 92
118 36
167 233
272 38
39 107
29 199
252 203
125 131
139 274
24 285
146 221
228 87
232 251
247 281
159 215
77 231
86 81
244 100
108 204
97 129
19 39
277 105
17 19
132 287
61 180
12 223
189 206
285 213
284 273
141 233
191 47
121 48
120 173
15 71
200 38
0 111
166 244
195 290
81 168
107 222
94 217
265 235
85 48
49 254
211 20
15 230
265 222
251 46
91 134
77 279
283 187
290 141
69 52
99 144
108 206
227 108
160 202
269 235
74 28
30 113
202 263
163 74
83 234
206 13
219 115
28 201
249 188
281 274
140 276
291 118
160 197
224 149
228 287
76 185
161 262
119 38
259 188
28 82
183 188
182 228
13 132
255 31
41 207
97 138
176 97
290 203
149 22
184 249
79 251
97 54
161 61
140 141
48 149
221 132
267 70
134 280
127 26
58 77
247 17
11 9
61 62
105 258
245 184
192 34
3 173
273 56
35 43
170 262
295 2
93 72
55 214
83 265
291 64
220 212
137 167
157 111
24 183
179 87
257 147
107 30
82 199
29 267
144 42
15 57
75 140
141 123
207 145
258 172
286 228
42 38
229 160
121 46
88 182
168 207
154 108
186 23
223 255
24 105
140 218
221 172
241 65
164 44
89 133
82 131
249 220
285 275
162 101
93 164
118 193
118 199
148 146
71 240
260 245
262 76
186 121
117 217
86 154
243 160
80 274
158 261
70 146
180 64
290 288
240 129
159 152
289 258
215 248
4 176
37 147
24 124
42 246
115 201
104 139
289 130
146 247
113 70
168 128
34 68
34 58
267 83
11 58
124 55
11 232
21 213
243 175
206 182
276 156
183 3
171 289
95 187
239 83
53 228
252 91
123 267
260 95
4 172
129 106
229 91
237 76
284 171
256 55
207 228
128 227
231 145
203 284
287 105
262 66
131 272
294 206
67 212
238 198
63 22
289 75
276 65
169 219
129 58
94 107
252 69
132 108
224 124
110 155
70 234
39 246
93 166
48 137
106 22
287 246
187 165
152 91
37 14
7 234
66 226
146 41
185 244
30 82
289 74
106 289
141 217
255 220
184 208
280 226
255 151
147 89
10 237
202 290
177 207
200 102
201 244
79 241
142 127
63 220
64 230
137 155
58 27
88 186
108 214
3 98
69 44
227 8
39 164
257 238
177 172
19 193
265 54
243 222
32 110
288 70
295 285
72 253
110 274
248 64
97 146
274 282
198 281
171 222
266 95
263 225
96 78
98 66
189 159
123 210
86 123
202 107
139 171
236 285
77 170
70 82
112 115
207 275
28 70
80 200
123 61
71 264
111 132
132 110
129 165
20 230
134 18
130 27
170 145
71 296
210 15
226 199
229 130
94 104
17 269
257 194
184 37
173 145
100 184
7 26
62 123
110 197
221 220
116 153
29 273
120 269
172 50
275 202
193 160
164 286
261 293
36 206
184 122
100 27
224 143
36 203
120 183
239 197
82 124
132 186
214 258
68 247
122 53
277 196
126 201
93 292
45 281
240 116
154 70
287 25
294 135
241 59
216 162
54 17
56 4
172 299
193 294
256 72
299 131
213 149
225 276
222 163
114 124
295 127
48 16
161 149
62 205
17 79
135 246
49 41
47 236
2 75
153 146
115 39
87 25
94 225
41 6
65 20
81 105
53 179
59 186
148 60
244 270
82 139
277 92
254 61
286 295
267 242
26 290
35 97
110 183
16 115
48 127
172 234
141 97
99 264
274 226
230 156
73 299
77 141
193 219
256 264
234 79
260 65
60 202
240 61
271 53
20 237
83 139
124 90
210 290
149 299
295 299
76 81
277 8
70 144
202 299
10 61
171 128
177 23
222 276
133 116
217 6
275 233
272 120
18 159
125 180
205 221
152 240
33 29
43 222
110 167
208 83
168 158
153 142
231 269
154 35
62 113
270 101
166 287
242 139
273 62
130 20
242 207
144 122
139 44
118 6
274 182
271 221
205 190
215 244
99 156
124 60
11 236
280 193
37 188
210 194
210 211
142 129
18 213
144 133
59 154
97 88
78 79
275 140
168 172
269 19
247 11
13 178
86 102
73 29
279 240
112 86
222 9
80 220
87 157
237 118
128 13
153 198
167 204
230 12
179 172
54 108
214 146
223 52
100 298
233 50
44 91
161 171
284 294
61 144
197 143
214 120
70 167
62 16
274 236
59 214
224 48
68 230
146 8
123 16
123 159
293 93
184 222
24 240
140 49
220 232
110 218
259 38
213 274
193 33
62 162
196 167
108 199
229 248
157 184
267 8
60 17
1 208
226 79
156 158
292 267
16 40
131 83
110 172
77 24
48 187
149 259
60 251
18 39
280 299
178 140
33 240
183 291
107 156
291 16
181 249
49 237
117 160
83 230
211 171
19 127
181 217
222 230
257 266
174 152
110 190
98 102
217 29
13 211
249 185
164 162
131 231
259 185
42 233
254 59
270 268
28 118
205 168
83 118
207 270
98 77
86 241
67 116
189 44
287 234
206 64
202 125
55 113
40 262
185 38
55 51
98 127
95 72
191 289
162 144
189 173
252 85
299 111
189 271
135 196
1 219
180 233
29 213
229 162
227 146
298 218
200 106
272 67
43 118
210 153
172 200
57 252
187 180
287 53
175 122
149 68
265 140
126 236
265 241
69 27
7 224
30 162
84 17
262 204
21 68
211 298
149 293
286 125
188 124
250 210
110 45
252 204
22 206
99 173
133 214
109 144
274 77
66 20
73 100
211 44
6 228
74 1
96 54
241 130
147 59
208 235
221 242
2 48
260 268
52 36
247 177
173 291
144 57
141 230
93 258
126 60
295 16
7 1
24 295
211 288
6 254
88 65
239 57
61 265
173 156
205 61
24 176
151 71
209 243
291 132
69 6
109 293
222 152
139 84
87 57
79 158
36 16
224 257
83 55
204 8
198 204
99 245
130 73
147 4
238 132
68 87
128 191
167 170
179 143
205 245
239 198
276 50
272 245
268 81
249 75
111 91
287 179
138 17
224 174
155 149
217 210
203 241
279 213
219 134
137 269
65 104
90 243
203 54
204 78
261 43
69 57
69 102
152 97
68 105
189 94
267 119
102 262
37 193
100 123
143 218
4 155
132 187
138 33
246 154
185 239
79 205
123 252
259 39
166 223
98 116
50 11
280 129
234 151
91 184
161 116
115 221
194 259
99 240
187 11
190 211
94 53
290 63
144 290
146 257
193 124
50 39
85 128
171 14
65 160
103 250
78 111
81 272
278 201
79 49
210 273
265 37
142 89
184 68
37 13
195 232
232 269
40 266
162 37
15 58
181 231
169 110
235 213
102 56
111 137
204 245
213 234
120 91
295 175
199 111
187 191
297 47
242 293
53 198
6 200
192 2
180 298
14 1
95 27
187 212
73 35
242 105
160 88
29 227
151 187
136 80
191 261
82 295
24 163
152 205
16 156
291 165
202 76
287 180
80 43
87 31
166 236
126 262
163 126
79 80
101 274
298 201
286 290
121 151
221 130
59 246
136 97
91 47
114 127
294 228
175 281
165 9
123 170
121 143
135 151
28 281
288 36
101 10
218 36
0 137
146 226
48 37
161 88
244 108
243 75
163 174
98 206
56 247
93 171
239 254
54 92
275 61
83 110
109 12
175 212
121 212
103 14
20 133
274 268
143 76
12 56
250 85
213 123
103 131
270 100
280 95
142 280
111 249
213 186
288 119
183 9
33 176
82 25
6 215
298 297
175 153
233 122
207 92
31 173
279 228
268 186
105 259
196 48
134 151
238 266
9 49
124 295
36 14
232 41
100 287
50 251
133 48
114 152
75 13
263 295
73 278
283 39
20 218
271 68
234 53
161 159
221 211
231 123
138 85
244 46
208 94
64 232
60 214
284 248
228 237
150 199
184 69
278 292
263 220
157 89
83 128
130 159
107 71
232 250
116 179
195 96
109 160
190 130
198 110
16 101
21 139
271 9
269 226
141 154
276 119
256 239
164 150
232 56
188 256
214 281
159 68
63 123
162 74
230 161
259 10
126 67
46 270
278 97
256 271
43 217
44 289
268 266
31 216
295 49
152 137
264 298
147 157
13 217
146 184
114 81
51 222
281 219
149 54
27 184
36 154
73 188
169 15
216 170
208 268
92 227
71 12
90 48
169 168
113 179
207 39
176 11
195 134
158 185
155 104
218 10
256 259
12 54
74 156
258 233
146 104
13 297
182 139
91 226
93 216
42 162
186 35
286 284
244 284
181 23
80 169
209 146
222 236
88 243
35 229
162 273
177 130
88 201
116 238
271 74
0 122
244 225
175 181
37 293
259 28
271 163
185 181
95 129
251 55
146 282
64 141
152 212
95 131
119 14
168 101
153 17
294 182
147 222
129 55
14 87
68 129
32 171
16 247
130 182
78 74
186 93
131 39
193 297
143 216
163 111
212 12
275 171
149 190
68 137
273 22
104 79
79 182
36 280
253 113
40 209
260 93
214 218
263 125
84 73
158 260
167 241
166 116
149 189
64 105
14 39
6 205
71 201
131 274
90 115
60 43
70 241
165 257
78 132
196 199
120 76
50 264
180 283
258 9
165 118
209 249
228 62
260 20
10 209
58 118
288 299
17 139
214 93
253 216
36 195
222 21
79 230
49 183
92 7
193 229
258 252
279 268
52 7
177 100
151 173
175 223
83 76
227 109
46 119
245 232
43 27
7 130
226 248
180 95
114 172
60 263
203 274
54 84
171 251
296 58
222 172
138 21
234 223
144 299
238 46
63 14
43 161
67 24
22 229
177 109
244 293
120 230
38 137
44 118
72 62
228 134
40 189
241 67
168 51
24 147
57 192
203 87
131 215
71 243
2 151
180 85
37 181
153 112
171 193
188 136
123 180
175 89
297 172
154 253
270 298
224 277
161 289
25 199
228 266
37 266
258 58
133 264
66 148
81 214
7 70
143 154
99 75
114 203
225 192
15 51
278 32
190 295
245 237
91 242
25 56
123 115
71 187
138 72
222 254
241 253
162 288
87 137
44 265
254 69
138 158
264 278
254 71
213 192
164 154
261 189
26 186
184 65
61 39
254 261
103 55
275 134
120 45
235 49
173 288
125 274
232 205
103 257
54 51
183 206
102 53
145 184
32 70
5 103
109 257
42 289
208 181
147 28
295 138
292 245
158 163
115 170
13 36
167 81
179 124
87 54
252 58
284 60
293 174
36 249
145 98
204 165
246 272
1 210
177 139
156 161
208 148
204 231
251 102
109 16
175 50
270 143
146 220
76 64
224 80
174 15
274 261
239 180
16 294
220 118
90 146
230 274
250 36
46 228
1 115
229 131
292 58
293 128
72 279
247 238
15 80
121 269
275 268
241 13
97 290
73 32
219 114
30 214
74 47
83 135
188 125
282 82
215 273
298 130
137 245
33 73
67 131
226 235
209 217
52 197
119 141
11 40
256 242
261 22
141 167
85 160
47 98
55 189
12 28
104 291
96 2
131 128
135 172
139 1
211 96
8 169
143 269
191 44
132 297
160 147
214 12
107 38
73 89
291 231
89 285
215 112
19 24
182 2
108 261
273 44
275 219
3 153
140 139
243 221
107 201
297 289
224 66
179 142
109 272
169 230
200 153
172 164
172 259
286 73
158 125
238 186
47 278
233 74
157 172
43 242
249 4
216 233
294 55
299 204
289 216
269 258
253 254
177 215
239 72
190 254
200 108
74 58
256 82
75 220
64 221
264 2
285 185
121 91
5 122
203 226
56 160
35 165
133 57
7 262
32 109
168 145
205 91
280 122
253 258
256 220
33 146
268 145
131 162
205 243
148 258
229 33
171 188
264 271
136 45
183 216
158 165
11 204
239 85
94 270
86 188
284 238
16 206
45 247
105 286
10 132
232 228
187 39
278 257
44 94
141 71
127 285
222 177
70 46
121 24
156 56
278 247
202 82
202 63
67 124
146 192
124 134
214 273
125 22
255 221
240 208
251 259
66 57
126 69
287 219
34 212
126 200
203 20
35 117
296 279
236 135
3 64
184 141
21 180
246 266
232 208
7 82
40 192
297 18
231 153
281 99
234 16
248 159
183 150
65 51
94 158
265 59
195 218
197 260
4 288
92 263
86 165
167 265
264 79
12 222
11 173
164 5
215 216
166 286
239 170
152 1
2 285
126 27
29 126
280 253
187 76
151 43
165 125
253 137
178 72
204 28
68 128
23 72
109 26
186 123
26 227
142 235
127 116
31 289
25 115
288 177
66 203
31 279
139 299
184 132
259 27
98 7
142 240
274 278
266 280
95 177
10 26
116 53
264 138
6 211
186 206
124 105
32 25
83 125
172 51
110 9
214 21
240 230
83 170
229 78
53 193
248 206
120 37
120 179
161 190
251 97
73 116
205 130
132 96
166 145
99 8
172 5
48 299
131 36
139 43
14 88
96 117
94 30
269 25
262 85
165 113
163 95
80 162
191 50
5 226
274 209
46 84
146 123
297 43
215 8
102 155
54 9
140 110
265 251
257 122
258 111
125 172
141 182
146 293
176 70
34 257
126 139
94 29
164 285
39 278
244 39
144 3
53 112
42 39
58 210
141 42
122 93
296 203
257 179
281 44
193 170
110 204
73 245
212 103
213 144
104 69
261 51
226 286
205 51
203 257
152 121
192 45
122 264
283 107
123 209
88 69
247 109
119 134
90 22
153 125
15 7
159 212
50 82
154 228
136 281
153 239
65 17
75 71
80 209
133 176
119 183
142 132
205 136
198 95
246 7
165 52
156 81
261 86
183 106
120 23
274 105
214 26
153 4
188 57
63 180
120 279
43 33
69 255
217 138
154 64
128 73
211 228
99 12
114 38
116 2
122 100
234 214
69 188
237 14
180 159
138 293
100 275
61 26
91 101
216 268
27 158
96 196
219 103
23 225
111 12
283 128
35 169
288 136
53 259
270 252
50 94
95 181
141 78
35 44
48 59
253 286
150 292
288 234
224 184
291 193
112 212
100 236
107 14
127 109
100 96
29 277
286 34
154 232
278 280
212 213
217 183
159 169
235 108
272 292
291 199
241 3
261 212
248 173
136 61
70 145
113 36
45 153
180 147
228 56
3 169
34 215
72 49
151 247
260 123
35 239
16 1
88 198
157 165
269 160
28 21
80 77
180 69
121 96
119 113
40 126
37 0
180 89
158 16
42 82
99 120
53 289
59 198
215 298
288 108
10 106
184 242
67 61
19 76
35 253
107 187
33 299
220 81
150 220
200 225
293 248
235 138
297 215
108 129
279 195
22 239
91 59
295 10
217 144
56 79
278 250
53 177
85 21
148 49
123 254
77 122
193 83
253 89
166 107
108 142
277 235
233 230
285 162
152 226
68 35
151 131
195 147
206 192
228 107
174 104
149 172
144 163
216 125
235 263
156 164
232 284
213 197
252 187
291 86
62 110
62 163
3 11
4 22
260 11
123 299
44 22
242 84
133 193
101 29
245 220
258 241
126 63
254 58
96 285
96 200
48 39
119 178
32 169
176 187
227 234
139 95
172 92
7 228
206 264
77 124
227 101
13 91
47 244
155 217
232 121
203 107
63 111
19 150
82 156
135 59
129 161
16 12
268 51
21 33
36 192
104 124
130 47
108 287
5 6
63 102
132 47
261 41
253 157
128 265
290 185
259 217
243 199
224 13
14 221
87 242
200 162
261 9
148 72
237 1
294 85
223 106
69 289
7 39
200 159
73 107
148 144
32 18
118 157
7 145
255 104
236 92
59 101
137 157
225 49
169 10
241 193
116 291
60 244
86 64
31 56
284 86
26 223
207 234
197 250
287 121
140 272
158 10
156 80
40 87
254 125
230 72
132 230
92 11
139 4
140 299
198 295
225 71
215 182
223 203
290 218
148 77
176 62
74 87
123 195
201 11
147 98
92 151
17 80
28 233
249 87
286 41
144 116
149 203
98 296
8 231
53 85
172 103
118 212
153 249
200 8
184 214
103 24
243 43
218 64
82 77
289 93
285 229
5 123
238 14
24 230
283 196
281 88
167 169
143 187
288 15
40 103
162 150
89 235
223 271
226 241
54 47
78 178
29 232
271 220
137 95
274 82
58 183
215 101
61 13
140 243
118 176
186 158
32 39
150 273
53 235
270 72
182 112
179 63
68 18
175 246
25 127
17 133
215 77
75 161
157 114
274 266
217 154
246 292
56 44
176 256
37 82
62 45
152 4
25 113
275 37
138 58
122 63
63 213
179 105
64 197
178 51
136 298
129 131
263 277
81 27
140 291
51 78
136 37
180 83
53 194
100 8
279 236
91 6
265 41
126 79
114 117
54 124
168 282
104 236
114 41
200 68
279 234
254 75
244 45
236 217
250 58
109 194
36 298
256 150
1 75
68 167
136 202
219 168
246 256
127 128
210 100
251 212
214 289
263 0
120 190
227 70
210 228
168 259
294 173
76 9
178 153
119 32
147 210
207 144
194 280
215 14
60 168
255 80
165 92
143 8
20 19
246 27
197 292
190 158
45 125
150 104
298 134
137 275
139 283
267 197
200 43
277 107
174 103
241 259
275 248
239 259
201 148
185 41
33 144
148 57
26 132
231 69
161 132
284 237
175 285
95 269
201 79
197 191
282 62
161 267
280 241
131 189
165 103
288 16
230 18
122 246
173 70
276 286
232 275
186 86
235 97
280 31
208 91
155 289
77 291
147 21
99 185
149 234
36 9
124 252
214 250
193 47
212 290
227 193
205 234
21 244
63 106
29 39
108 0
30 161
248 104
92 219
246 84
75 155
33 52
195 297
210 134
195 41
287 177
149 74
108 231
62 18
287 148
45 280
61 175
176 47
69 23
202 251
211 265
62 81
254 57
145 2
74 206
231 215
63 145
124 173
291 69
247 71
63 112
32 258
163 279
155 6
127 298
236 163
94 198
210 291
196 56
35 74
81 241
192 160
63 296
211 252
271 280
129 292
86 62
127 45
43 36
43 96
5 119
150 87
88 169
138 150
143 249
209 72
10 250
213 220
197 156
117 236
232 59
35 124
298 250
37 87
121 51
290 13
222 82
194 87
107 23
121 185
297 149
283 232
109 154
19 87
191 176
56 166
164 224
254 80
129 286
156 34
201 127
100 91
230 101
252 276
117 212
207 7
268 19
102 213
218 165
97 4
208 226
45 207
98 81
251 52
92 245
140 241
248 184
63 0
151 279
33 272
44 172
287 222
108 163
241 196
265 47
135 148
70 160
269 73
196 91
116 211
80 215
45 212
108 181
175 151
162 287
238 279
178 18
83 97
297 136
152 48
82 127
246 146
118 209
221 218
217 221
262 243
143 19
221 10
174 5
27 19
51 174
11 101
143 299
69 154
96 37
208 35
66 238
13 176
124 109
211 100
62 105
98 204
79 14
245 162
255 43
285 113
117 7
288 166
296 119
194 153
58 105
73 251
143 213
284 10
258 54
84 87
253 109
81 22
282 27
21 290
127 50
151 271
288 233
117 251
222 31
179 241
197 206
88 136
63 47
94 69
96 107
16 121
240 258
283 93
120 208
43 253
19 264
271 27
54 177
202 288
265 214
240 137
145 45
50 61
254 215
202 170
42 210
160 32
93 219
225 62
54 289
264 196
285 21
5 213
296 103
61 288
45 188
136 296
252 186
111 172
11 55
269 204
134 281
21 248
27 62
13 269
119 110
220 46
135 170
61 252
4 284
86 217
155 204
294 268
223 88
112 160
229 161
61 0
207 142
171 95
137 297
136 147
63 56
32 290
298 274
131 217
153 189
279 80
22 164
60 134
177 15
264 212
55 281
297 25
29 278
285 161
275 118
256 141
60 198
2 202
144 100
101 205
27 54
199 177
275 40
273 19
126 174
244 269
58 186
89 81
105 272
222 229
200 73
44 86
155 188
79 233
45 138
290 76
291 170
71 1
43 110
114 69
256 75
257 152
88 9
197 216
196 211
118 70
122 123
274 240
48 24
29 27
281 119
90 233
123 211
210 136
171 137
23 171
59 234
57 265
162 286
90 140
253 95
46 10
221 231
201 56
235 68
244 134
198 207
99 234
264 116
168 77
233 297
65 210
224 226
262 296
296 36
103 46
121 15
33 72
54 234
227 100
271 230
71 93
116 114
261 218
24 222
278 273
4 73
187 268
51 163
292 49
209 180
241 202
130 225
283 129
24 73
227 15
186 199
264 38
40 182
33 109
233 198
127 110
292 116
210 267
152 219
143 273
166 233
72 123
8 291
213 267
221 36
299 221
39 57
229 212
122 173
107 205
151 127
63 280
48 209
121 14
124 206
232 36
138 75
136 213
27 239
242 257
36 135
13 185
199 26
107 146
179 238
201 212
260 138
114 13
140 93
266 297
159 233
186 54
181 164
10 202
244 71
239 264
218 31
93 173
23 70
35 282
63 197
76 269
185 80
18 211
96 176
60 119
25 248
296 81
51 116
294 39
52 199
86 152
27 173
37 245
206 187
175 90
219 148
255 177
3 99
163 211
262 235
51 156
205 11
270 24
1 279
236 255
114 86
45 6
104 187
246 65
208 211
177 257
128 124
122 162
260 261
262 14
30 256
281 1
95 116
224 39
53 224
249 54
221 240
267 260
67 109
121 70
147 231
236 257
22 109
249 103
242 99
87 237
183 4
143 178
244 122
299 47
73 183
182 133
86 40
276 258
263 196
104 62
83 293
158 227
197 285
161 258
5 56
160 210
60 38
25 190
147 50
137 13
253 206
274 81
274 42
273 64
14 277
16 190
154 76
121 259
155 243
5 50
120 242
143 28
225 211
160 196
205 118
299 211
278 120
294 163
229 191
48 247
178 44
103 136
269 132
243 96
12 33
96 27
227 84
125 139
219 245
128 242
48 295
144 87
53 49
38 245
3 74
117 52
67 209
82 269
186 5
2 271
190 273
13 108
249 3
142 104
197 119
181 153
273 41
139 7
37 260
280 177
165 6
188 198
113 48
