90
82 80
58 6
37 82
76 11
14 54
49 54
83 43
38 74
66 19
0 6
6 29
31 56
6 86
58 12
61 13
7 30
44 14
6 45
21 84
13 25
24 3
29 45
65 88
79 86
29 20
7 44
25 67
64 31
5 35
47 39
84 18
36 14
59 7
81 40
66 71
38 7
25 77
35 86
39 36
35 1
80 67
44 13
3 68
60 38
80 89
75 85
50 68
34 27
24 29
60 0
85 46
83 71
52 55
2 77
28 77
29 21
20 23
83 13
0 78
77 30
8 69
24 67
39 2
63 13
62 6
55 74
79 5
46 11
0 89
63 76
48 88
45 24
0 81
70 26
20 74
4 60
63 48
71 24
62 17
35 76
73 67
43 46
52 76
28 51
0 27
21 87
2 49
41 81
58 81
11 34
28 50
9 23
8 17
48 22
40 51
82 66
52 87
46 88
74 58
16 6
78 45
53 88
15 65
2 22
70 11
62 20
34 64
36 87
4 67
32 11
37 53
22 45
70 49
30 47
65 12
12 13
84 68
11 59
74 2
15 40
33 74
70 66
62 71
22 87
38 59
86 2
12 35
16 15
70 80
53 26
43 38
13 1
1 57
29 56
74 45
8 74
88 29
57 75
34 45
17 32
42 79
40 80
45 52
75 13
50 37
72 44
54 9
5 53
5 37
8 14
87 81
68 12
65 7
79 19
51 62
87 37
62 42
55 88
51 49
1 41
21 27
73 81
34 40
5 27
48 31
7 52
83 52
3 31
38 66
19 7
53 54
34 82
39 1
89 52
43 71
73 65
48 61
21 6
61 10
6 60
29 68
76 80
27 32
83 0
12 74
48 81
51 68
83 31
34 50
57 67
41 28
35 6
70 39
15 14
19 45
59 24
10 0
47 59
60 79
36 82
16 75
22 18
42 4
10 55
50 16
53 31
42 10
45 10
5 86
45 21
11 52
48 6
4 63
22 71
31 86
2 5
85 39
24 72
74 34
61 63
21 39
17 29
5 87
31 58
36 85
80 10
13 16
78 39
32 59
50 42
62 15
3 15
47 79
36 28
72 57
40 59
27 63
66 17
44 56
71 63
56 58
0 59
19 2
40 69
39 60
80 33
72 56
15 63
72 33
0 7
56 24
4 78
64 48
67 69
23 64
28 46
40 22
75 8
1 42
13 74
34 39
29 54
12 30
52 58
17 75
25 79
3 51
18 66
18 62
48 66
68 73
88 4
89 25
56 60
64 39
17 39
32 68
23 36
80 18
23 38
4 35
7 15
9 33
86 54
27 84
88 80
79 78
9 79
78 70
80 31
41 45
18 7
1 75
4 51
21 60
46 8
77 81
55 18
42 16
9 86
89 58
16 35
40 18
67 70
21 38
74 39
86 1
85 66
78 8
30 52
53 34
38 20
6 26
37 15
38 22
49 33
61 84
61 85
85 29
54 74
75 37
44 41
89 88
30 74
49 79
73 69
72 3
24 8
13 23
61 8
49 77
42 74
37 80
13 9
35 21
69 60
59 67
19 64
75 67
53 24
30 2
77 45
67 48
72 38
43 76
22 81
32 37
0 11
5 45
55 86
26 81
24 4
82 38
26 72
36 52
76 46
10 7
69 78
61 55
35 80
40 35
55 47
10 4
48 65
42 65
48 58
30 57
46 4
27 16
8 87
82 42
7 40
13 0
62 34
56 16
83 25
35 74
75 47
26 62
45 87
53 35
59 23
43 65
5 11
10 49
11 72
36 72
56 88
78 5
36 53
43 70
74 0
85 55
68 65
77 3
8 40
9 37
0 80
29 26
41 84
83 38
20 26
13 60
85 49
85 79
64 24
42 41
72 61
75 58
2 56
7 39
79 57
57 28
64 71
21 9
77 36
2 32
43 34
30 17
87 77
12 19
33 45
43 0
63 82
14 0
79 63
71 29
73 45
76 1
80 55
18 16
54 70
48 34
37 10
22 79
42 69
64 58
35 51
59 55
31 67
85 2
78 20
32 26
16 55
51 18
13 53
20 31
3 45
0 9
63 2
41 37
32 63
65 67
51 69
17 35
55 41
63 88
61 40
2 62
11 38
81 85
46 50
69 89
1 25
19 62
49 42
64 2
56 4
37 35
6 8
32 22
66 55
64 45
5 10
62 83
48 13
43 44
36 29
64 55
87 73
56 22
4 55
4 85
12 41
66 14
7 71
30 81
14 84
88 58
52 74
59 14
50 75
67 51
5 12
32 78
64 52
70 53
69 6
42 20
10 12
6 14
0 49
36 12
39 67
29 4
63 60
74 18
47 43
49 74
42 3
42 29
70 1
62 12
83 27
85 24
45 16
69 24
4 19
24 81
25 85
40 77
88 59
28 43
46 60
77 14
50 71
23 45
13 40
63 35
51 54
50 63
41 33
8 42
22 46
79 41
4 52
11 81
16 47
7 47
63 5
29 83
53 78
62 68
70 6
69 65
80 36
79 15
8 79
36 70
12 54
33 61
17 77
26 12
29 10
77 70
3 73
22 24
70 58
60 36
50 83
47 72
49 50
55 19
59 6
52 84
84 35
14 40
45 55
53 82
67 35
89 32
54 58
11 87
0 16
25 28
79 12
82 87
75 25
36 41
37 45
4 77
84 64
57 10
25 61
46 2
21 10
22 65
5 16
37 18
24 65
59 35
59 27
3 89
42 32
23 27
13 57
84 70
7 76
86 60
69 30
18 75
33 87
20 32
64 11
45 65
27 3
54 42
12 46
74 32
18 30
81 46
28 44
71 25
88 30
56 75
47 2
51 19
33 4
49 23
56 78
49 61
52 29
30 37
23 41
72 75
43 37
50 17
57 41
76 88
72 9
11 80
56 73
64 51
2 61
17 9
68 15
49 28
10 60
84 17
76 59
45 44
30 23
3 66
25 22
36 83
38 44
14 21
83 59
60 72
64 16
88 32
14 24
7 55
77 69
39 75
75 15
57 78
12 11
46 61
67 5
41 26
46 19
23 56
40 79
53 58
69 75
83 73
71 46
46 25
34 28
87 75
54 31
36 22
6 85
52 3
65 26
12 23
13 50
3 84
2 1
51 32
71 74
82 50
48 21
64 70
37 72
61 9
76 2
71 2
31 9
68 41
61 35
84 75
21 54
40 53
14 71
46 42
12 77
85 45
21 73
33 47
21 65
87 69
52 5
4 72
25 27
56 39
7 84
86 12
58 43
61 44
8 67
50 14
44 78
35 83
10 81
1 88
44 82
34 52
1 54
73 26
52 26
79 51
69 17
28 76
72 49
19 33
80 42
30 89
31 8
57 66
64 4
6 53
39 12
80 58
39 82
22 19
10 69
45 68
10 83
8 3
27 35
64 75
28 38
73 11
49 53
64 77
46 24
70 2
43 19
22 83
21 24
17 56
13 85
28 45
56 46
19 68
12 29
50 23
15 18
18 13
88 26
25 68
16 17
52 51
43 14
54 88
53 14
64 63
71 56
16 30
1 60
27 41
82 70
56 81
74 73
71 10
28 27
76 73
4 80
8 45
62 57
27 12
83 15
63 33
18 14
38 24
42 28
55 65
59 2
33 8
44 80
42 37
51 21
24 16
52 33
53 29
1 37
44 15
86 26
21 83
41 75
89 36
29 30
29 81
88 17
53 22
55 50
56 64
44 2
74 11
80 79
64 73
21 81
37 29
83 70
31 29
84 60
83 11
55 38
19 77
37 74
81 69
32 1
53 80
70 28
68 17
22 62
84 34
75 43
23 76
24 61
6 12
70 51
21 26
0 4
1 29
78 66
47 40
68 67
25 66
69 19
40 85
87 10
48 68
44 77
1 68
54 59
72 62
11 86
18 0
39 31
74 50
