210
82 80
178 156
37 52
46 71
164 144
169 84
173 163
68 194
126 169
150 96
46 106
6 209
181 116
186 176
118 42
121 193
37 60
96 165
150 67
171 204
43 175
114 93
59 165
185 58
109 56
209 20
127 164
55 187
64 151
185 155
167 159
114 78
156 74
119 187
171 40
156 71
98 157
55 17
125 146
69 6
185 151
110 157
14 13
33 68
90 98
20 59
135 85
110 188
34 177
10 190
24 89
60 30
85 16
143 41
52 85
182 107
88 77
209 171
170 23
83 103
150 78
167 180
8 39
114 37
99 122
183 133
2 156
175 44
169 5
16 41
60 29
74 115
153 46
78 208
75 24
180 81
70 176
110 74
34 60
33 18
71 84
62 47
185 16
13 127
73 136
112 76
128 74
208 201
180 147
21 177
182 79
191 21
148 201
191 94
148 50
129 143
188 107
168 202
130 81
142 66
172 87
106 118
164 178
136 126
198 105
83 28
105 125
182 112
10 41
122 50
4 94
126 57
4 37
2 191
127 203
172 165
130 19
0 137
125 12
42 43
174 8
161 179
134 32
75 100
33 104
10 36
122 11
82 27
98 59
56 92
132 95
46 135
40 200
203 56
13 188
163 151
121 147
209 86
194 105
38 194
208 209
147 75
154 105
17 122
162 169
40 80
45 142
135 43
80 157
12 14
24 129
125 143
5 67
98 14
117 51
98 12
125 37
79 49
21 152
57 67
182 12
175 148
171 199
1 161
201 57
13 141
184 100
5 147
78 31
37 202
173 22
153 61
8 36
139 37
113 84
94 52
9 181
179 22
103 11
89 178
73 125
168 61
201 126
61 130
136 76
186 150
59 38
166 80
87 62
173 30
132 44
169 102
108 51
171 8
143 31
4 140
147 187
101 208
65 6
70 129
195 194
109 135
130 0
137 89
0 169
96 202
76 165
172 18
192 184
190 205
170 76
83 181
192 10
15 130
185 86
15 21
161 202
18 96
184 33
82 11
181 206
122 155
145 39
24 42
74 4
91 153
201 9
47 59
185 147
151 148
66 25
200 160
133 16
168 9
122 149
140 102
2 15
183 75
47 49
6 28
192 27
40 59
27 153
36 167
134 86
81 15
191 153
116 88
60 119
49 32
40 9
9 90
177 87
50 3
132 116
15 63
42 183
150 7
26 144
184 108
184 18
187 99
113 154
148 136
100 172
195 188
1 12
43 14
66 89
184 129
119 114
162 150
202 178
47 195
85 49
153 111
138 66
198 182
48 156
68 133
119 130
178 4
29 25
116 150
154 69
197 99
92 98
143 156
110 138
143 8
64 95
187 165
189 183
116 114
177 114
178 50
19 125
49 18
39 169
148 89
138 160
200 91
131 45
168 7
31 45
34 111
81 150
166 68
77 171
25 78
162 136
43 1
129 176
166 65
100 138
187 160
111 98
126 14
164 189
26 1
25 36
108 128
120 22
173 94
158 80
36 206
37 15
68 82
169 3
61 114
31 205
205 59
174 74
15 187
104 131
89 118
0 74
199 79
43 129
162 153
54 38
103 143
31 128
139 47
103 99
175 189
125 21
99 90
209 157
109 94
195 127
83 54
120 122
77 195
187 18
159 120
12 8
193 46
172 201
32 67
0 11
5 75
175 26
86 171
24 154
202 38
86 42
6 172
40 187
39 78
91 25
35 50
25 85
190 185
25 107
70 154
168 95
72 185
138 178
150 177
46 64
27 106
38 177
52 72
97 10
193 90
62 94
45 6
116 196
23 175
125 194
45 167
86 62
105 177
23 5
89 53
43 35
155 161
100 19
71 192
156 72
56 58
18 65
36 173
133 70
76 55
194 30
205 145
68 35
47 183
68 160
129 37
73 205
120 170
89 116
11 114
113 128
50 86
43 90
55 169
175 79
4 54
102 131
72 121
135 58
122 176
67 9
49 207
207 58
184 161
201 69
77 36
2 182
103 124
30 47
117 137
165 106
193 180
3 52
134 60
79 63
41 149
199 49
133 45
166 31
140 115
168 106
24 190
138 4
97 100
202 109
72 129
4 148
155 171
121 157
115 92
18 20
2 176
136 175
201 108
200 31
33 165
150 9
33 2
71 7
2 3
125 187
171 129
47 65
205 11
123 88
160 50
91 10
122 62
131 188
81 25
84 74
136 170
189 29
199 62
139 132
184 122
26 124
187 95
66 38
182 202
156 145
64 15
185 70
62 203
18 43
193 134
156 119
154 145
27 73
146 142
124 25
184 25
12 131
156 44
67 191
180 201
194 204
88 208
172 74
119 104
50 75
84 26
37 111
169 171
5 192
92 168
154 142
10 143
159 36
42 200
190 132
66 164
60 49
66 102
189 127
89 124
20 34
183 180
84 10
164 198
195 32
47 193
199 194
69 193
127 98
162 93
132 59
40 151
182 162
23 87
25 114
105 76
115 56
129 144
34 79
174 201
85 145
40 107
178 29
58 163
16 120
197 44
103 120
80 161
23 105
73 100
123 185
129 145
140 153
166 28
101 153
98 42
52 46
19 161
34 112
11 201
46 77
157 17
123 125
8 80
209 143
113 138
2 98
100 186
129 35
200 6
19 135
13 98
38 49
36 70
102 84
33 31
197 137
59 159
179 10
47 160
123 133
112 24
10 208
147 67
60 126
50 113
167 132
199 20
85 139
179 6
202 54
174 185
74 190
75 205
83 22
127 185
89 92
114 118
41 177
106 140
90 196
115 208
109 132
82 57
135 25
6 131
127 105
94 77
174 184
147 40
64 139
55 91
16 2
51 10
75 104
142 35
95 166
157 168
84 35
89 65
179 207
93 149
12 152
53 87
13 147
144 160
187 16
96 168
86 0
129 150
48 15
183 27
110 122
64 71
15 95
117 33
144 192
42 166
14 32
18 150
141 166
208 134
11 145
154 41
148 0
77 184
26 195
137 182
141 139
33 154
199 113
206 198
49 1
52 209
60 67
173 131
132 15
133 157
80 47
56 205
147 71
136 88
72 99
101 140
176 163
182 151
17 99
188 45
82 188
169 28
160 60
54 107
136 89
45 194
28 95
180 23
93 36
205 172
6 23
38 134
74 21
23 89
60 162
124 46
58 152
194 24
67 55
37 67
77 129
189 75
15 75
57 168
166 91
27 3
131 116
106 199
23 206
70 79
143 148
189 15
113 133
71 166
106 175
34 118
207 15
84 1
44 2
96 22
96 25
52 183
65 176
72 53
13 140
93 24
62 31
171 122
191 14
142 50
138 81
124 190
37 42
181 39
136 122
161 32
1 39
188 11
91 155
204 135
111 84
160 53
134 41
76 132
132 77
25 15
54 21
111 73
33 137
111 125
87 69
184 42
145 117
116 39
52 195
67 204
86 162
28 193
23 199
91 134
38 67
200 14
134 168
95 173
183 78
40 111
121 208
44 22
184 22
181 144
43 56
140 188
123 163
107 149
79 153
112 146
39 17
58 166
12 49
19 3
94 17
50 132
12 45
0 149
61 158
27 156
48 125
94 184
110 46
126 83
99 102
110 208
159 52
142 199
190 189
195 128
70 113
158 183
207 5
124 15
134 197
118 38
33 3
140 131
0 100
103 71
15 65
64 137
106 24
100 122
13 109
82 53
111 174
197 116
96 160
163 25
88 15
116 106
199 38
88 192
42 119
80 203
75 168
168 73
148 56
115 128
76 137
112 81
193 74
204 208
83 104
38 127
4 93
101 86
76 150
149 54
91 90
177 161
112 160
146 21
82 173
104 43
161 130
162 118
148 177
46 163
94 80
8 15
62 57
147 12
89 105
83 135
93 183
108 14
68 54
192 58
25 125
179 182
93 158
104 140
77 98
72 187
171 51
204 16
97 54
82 153
83 119
181 187
103 14
152 57
56 26
51 173
131 15
179 186
209 30
99 199
9 94
178 47
203 202
175 200
194 164
176 154
139 111
164 71
110 79
184 43
172 126
22 122
81 201
127 179
203 10
151 119
180 189
144 0
113 191
25 188
79 137
141 39
193 167
4 133
152 181
83 133
102 71
143 200
70 178
8 167
20 148
202 122
114 64
15 103
203 166
114 181
6 132
19 64
130 201
201 146
180 34
181 119
138 186
77 130
188 67
175 186
69 49
100 115
103 140
59 157
147 10
48 128
44 167
31 188
204 119
102 62
11 56
161 132
48 150
159 181
194 110
157 34
72 131
130 193
121 162
9 144
94 115
163 181
1 156
44 28
190 30
69 205
160 58
133 190
107 99
159 173
130 122
132 130
209 169
194 81
83 167
177 63
115 21
150 98
95 169
202 124
46 85
179 168
184 121
194 133
94 26
46 1
66 72
99 189
66 104
25 109
117 90
113 39
164 179
99 60
94 119
115 168
64 178
130 95
113 6
177 47
156 117
45 22
41 142
198 132
72 132
88 143
18 1
94 136
94 91
122 106
4 88
117 114
90 94
160 61
125 49
5 102
203 148
156 141
88 21
123 24
198 26
44 205
16 45
167 207
65 54
128 171
24 62
90 54
169 189
70 49
113 93
140 143
28 188
28 124
86 145
131 56
124 19
17 66
195 57
7 58
159 106
10 32
78 72
117 10
114 43
204 161
191 187
145 180
72 114
197 194
101 182
13 43
190 63
76 203
147 45
159 64
49 170
77 152
115 125
22 10
203 130
66 15
31 105
122 70
73 64
30 126
107 55
101 173
86 175
180 175
145 208
161 62
113 97
140 76
33 80
193 109
94 43
151 21
96 159
159 97
199 139
167 85
87 148
130 42
158 55
157 26
38 53
175 18
207 185
24 60
2 140
176 54
60 48
166 75
41 85
23 129
52 99
189 47
120 186
155 136
74 125
168 143
136 25
123 37
133 69
119 194
196 208
46 204
139 41
18 173
112 153
173 197
131 170
69 191
82 59
102 52
159 45
188 8
137 26
50 33
73 141
209 146
191 48
16 111
202 80
163 55
135 176
73 131
106 124
30 4
64 53
204 176
196 142
191 9
143 145
182 154
192 92
121 159
144 151
59 52
185 154
170 158
105 150
57 120
157 31
114 0
72 93
194 20
138 31
83 10
105 103
76 4
205 113
127 151
97 63
28 53
109 18
208 64
155 8
110 164
126 63
67 11
161 44
29 130
176 164
194 15
115 114
127 69
107 156
39 131
14 117
161 94
66 107
107 97
78 108
132 178
120 69
96 146
135 181
180 19
19 27
117 144
153 98
51 82
58 47
0 147
147 158
75 109
130 11
117 29
134 167
108 160
22 112
8 90
163 17
88 128
141 33
148 189
162 16
195 106
93 33
205 129
101 198
44 97
162 198
2 66
31 81
193 92
160 16
94 170
193 56
6 123
176 132
145 57
16 123
20 136
156 38
88 35
82 171
65 114
0 45
14 63
152 9
41 34
17 3
55 188
174 149
110 117
53 66
39 207
117 141
154 199
157 149
7 103
117 4
107 74
64 5
204 191
171 15
39 123
52 128
76 67
159 203
1 65
120 25
7 105
112 3
145 31
192 151
52 191
156 87
44 47
32 90
13 177
164 34
54 163
154 107
32 25
4 104
133 82
109 113
173 133
170 62
13 206
133 81
148 103
3 167
40 188
54 155
90 102
194 100
33 54
14 124
0 43
95 122
59 153
155 75
81 182
128 34
93 119
11 90
141 130
95 197
177 16
189 4
131 103
55 200
179 128
178 1
208 171
125 101
152 180
54 84
158 70
98 64
37 136
59 168
66 157
46 131
61 63
167 77
69 129
94 61
168 119
116 158
139 144
182 51
140 121
178 15
87 47
80 201
170 33
161 84
99 69
11 141
147 86
50 158
189 141
130 75
111 102
108 207
18 114
204 78
78 69
200 56
185 75
209 42
96 115
209 111
73 104
98 176
97 2
0 73
173 172
20 171
151 50
86 157
164 115
100 176
187 194
186 24
28 42
99 62
133 28
122 132
90 68
42 134
202 193
119 38
50 162
37 74
151 58
130 78
201 6
81 36
84 104
82 157
128 100
115 8
139 28
63 87
2 173
74 3
111 207
121 197
62 37
53 181
107 83
84 0
101 142
86 172
4 47
42 178
131 78
132 200
166 51
51 132
152 179
48 186
72 32
201 118
72 65
84 46
135 33
124 30
16 32
208 14
186 136
40 33
203 111
15 119
114 86
2 76
71 0
13 71
5 108
174 131
155 20
90 113
185 179
116 126
43 37
115 12
97 57
15 177
181 148
198 5
35 152
181 136
10 24
176 9
193 144
65 107
66 40
135 149
176 189
172 31
160 94
61 137
86 158
78 107
209 105
182 70
7 170
61 14
193 208
117 11
58 73
147 195
47 45
116 177
105 205
25 28
6 184
75 154
29 128
204 60
161 53
162 108
96 182
103 80
84 62
118 16
38 79
122 207
181 21
60 95
153 105
54 113
134 22
175 67
108 0
32 136
61 156
169 71
152 140
181 100
4 23
25 57
87 119
63 191
46 180
137 62
102 10
40 49
12 41
178 43
150 174
72 202
72 77
203 172
18 120
199 172
122 6
79 125
156 177
119 102
36 160
129 173
77 31
171 126
85 176
61 73
170 108
170 44
143 71
7 202
180 108
95 49
182 89
161 2
10 141
26 182
138 169
163 160
40 46
78 56
94 35
11 165
91 197
172 127
201 93
140 1
179 109
155 87
37 148
131 80
134 76
140 164
25 30
139 138
140 34
26 62
5 73
31 103
19 165
29 41
95 83
131 186
32 142
54 196
128 169
177 96
47 155
180 141
44 176
94 129
59 42
135 169
192 174
119 128
174 203
0 158
114 199
10 126
61 111
131 132
209 194
209 170
66 34
145 121
110 199
73 69
53 170
48 114
55 117
127 100
24 85
186 169
144 142
104 113
156 94
187 157
74 103
180 16
141 113
36 14
15 77
4 10
85 87
164 83
73 109
4 110
63 117
112 131
43 3
177 168
203 193
69 123
97 64
146 9
148 1
19 190
72 33
191 15
50 163
113 160
99 18
146 42
183 139
62 30
186 191
199 124
41 8
60 22
205 125
114 100
15 1
86 17
15 33
120 180
48 72
76 85
53 77
179 45
187 182
65 150
158 117
79 185
136 199
21 172
104 31
176 145
25 61
70 81
0 140
97 49
182 185
117 168
188 113
116 3
53 180
116 98
198 37
24 55
34 117
4 176
92 17
118 25
132 124
170 138
91 103
176 33
132 148
149 55
32 111
42 181
57 206
132 82
52 80
1 104
202 174
63 43
90 166
91 140
125 138
143 195
30 23
97 65
4 151
100 118
58 208
119 7
19 201
98 29
105 112
156 67
204 167
21 58
142 179
103 69
47 101
127 12
124 66
79 65
177 52
191 29
54 164
88 36
104 30
171 154
85 154
116 33
47 99
171 59
115 57
207 75
87 114
153 155
202 90
145 108
176 109
66 122
27 163
135 53
95 143
18 158
106 21
112 32
152 94
192 203
66 179
0 121
204 187
94 163
71 208
48 134
86 14
12 90
42 109
118 20
38 51
207 194
193 52
4 70
179 27
175 168
169 193
75 76
171 197
177 153
106 139
26 104
71 200
29 162
179 40
56 167
187 158
166 194
146 51
110 10
4 142
69 46
0 6
82 123
204 88
182 52
133 55
187 98
105 117
115 27
126 195
86 181
161 114
157 60
203 178
80 57
146 199
63 176
55 183
151 169
121 131
41 194
112 154
161 120
47 74
10 78
92 79
146 40
36 164
170 154
91 202
110 67
91 183
117 136
59 119
56 67
124 110
110 123
148 19
47 156
165 192
183 169
54 129
139 72
28 89
43 40
139 118
135 193
149 167
126 70
42 171
29 143
122 133
128 103
138 52
186 4
3 10
192 8
165 8
23 38
66 200
37 19
92 100
75 93
165 82
102 137
179 141
87 126
5 153
91 31
82 15
102 94
102 17
132 81
169 81
93 58
101 3
75 146
139 1
190 2
61 161
30 178
137 83
8 118
58 205
179 30
85 70
21 163
53 52
127 1
22 161
115 82
45 17
158 102
61 195
28 62
70 89
136 123
185 28
59 201
124 138
23 96
19 89
8 60
67 178
174 73
63 22
93 135
198 2
64 30
7 162
135 172
166 164
120 105
103 10
20 151
106 47
185 136
209 62
61 151
2 42
151 14
209 10
41 38
154 188
87 171
51 113
164 114
71 90
94 89
192 125
199 198
36 166
78 170
27 21
75 177
171 110
97 92
5 124
133 92
116 15
154 165
159 134
111 160
72 20
164 37
34 38
95 80
69 179
91 149
178 19
141 169
51 48
126 32
15 136
70 157
25 3
20 143
128 127
50 195
71 206
129 201
136 135
160 179
141 51
137 65
16 77
34 170
8 72
101 134
69 12
102 118
42 189
189 23
200 85
29 146
112 7
48 144
170 204
192 188
203 82
110 36
122 187
105 188
134 50
156 70
162 116
67 31
111 83
2 38
6 116
175 12
79 206
134 119
158 100
101 116
167 154
196 51
41 102
204 42
12 151
127 143
45 192
155 21
192 180
194 92
70 202
50 112
202 67
90 84
55 186
27 8
201 4
24 119
78 12
121 177
149 25
81 93
6 52
200 48
0 57
5 173
207 97
61 92
65 21
31 158
126 75
188 80
24 135
99 39
99 145
91 186
114 96
12 73
133 153
149 138
24 37
17 5
34 102
129 135
176 82
65 196
177 59
197 65
51 126
126 81
156 154
155 77
33 14
6 9
203 137
59 179
117 133
162 74
10 119
146 126
141 47
158 118
75 176
76 19
190 39
130 93
204 107
125 131
60 123
38 165
115 132
51 39
25 6
93 118
22 4
192 208
131 74
92 151
135 97
29 123
107 19
13 200
150 167
19 172
153 136
202 28
181 162
18 2
170 157
207 71
82 72
81 35
54 70
43 103
181 153
1 20
76 163
180 0
107 5
69 173
40 125
45 197
95 172
136 184
160 0
112 180
136 121
4 154
152 195
60 169
121 28
17 2
126 143
49 173
58 80
187 171
183 45
95 148
188 119
194 93
110 172
28 199
47 86
188 103
125 31
113 186
46 150
42 155
88 157
164 63
37 5
140 141
89 133
187 65
101 43
63 24
120 94
102 129
173 118
103 129
39 106
33 101
145 42
7 42
58 50
187 100
187 14
146 118
41 107
98 149
162 26
23 98
62 23
90 152
133 17
129 200
71 193
92 11
185 129
15 79
107 170
201 61
73 179
16 125
119 26
38 93
11 168
184 16
63 109
52 169
100 141
123 176
1 62
176 185
65 51
91 72
99 30
20 149
83 178
56 138
166 19
12 55
125 169
144 169
19 75
144 126
158 201
138 126
207 43
36 126
119 46
34 108
128 27
121 39
98 55
133 184
164 35
166 5
150 34
134 39
206 161
84 97
121 52
205 86
165 99
111 88
98 198
45 144
194 36
10 137
158 121
8 138
87 178
33 152
70 30
50 11
24 96
154 43
76 196
51 5
19 181
173 205
10 123
157 77
55 14
193 107
49 140
110 77
145 209
171 135
201 87
60 72
1 56
83 12
105 180
35 165
60 92
43 171
0 26
99 153
54 79
2 27
195 178
99 140
131 35
85 73
38 164
61 120
7 155
52 187
82 144
65 59
104 163
159 44
129 109
197 145
144 136
183 12
75 31
176 131
137 185
195 200
4 115
134 157
131 197
182 111
150 22
69 16
96 44
72 183
16 99
82 204
35 45
182 135
2 174
50 208
1 8
79 149
5 126
157 194
160 63
87 121
157 35
189 92
66 144
123 84
177 33
58 61
64 88
110 68
72 174
119 34
146 206
83 108
7 6
55 39
1 119
111 0
97 181
10 68
134 176
150 136
122 152
49 145
60 184
33 88
146 180
42 168
180 102
132 66
109 98
43 11
39 46
66 155
129 17
182 147
198 131
131 51
95 85
67 46
64 9
125 10
62 128
129 22
109 37
54 53
80 181
166 1
188 180
178 161
204 29
84 107
141 112
145 30
135 122
89 171
77 147
146 70
148 179
20 102
144 77
18 89
38 96
80 200
130 28
35 136
141 151
170 36
10 145
14 64
101 177
30 28
181 1
173 202
3 115
165 104
172 49
33 64
57 105
146 60
88 42
6 46
201 120
92 147
97 178
182 60
43 140
183 176
194 37
1 110
82 83
16 156
46 5
200 115
19 52
123 119
95 171
105 111
56 171
176 102
106 196
113 139
167 63
118 21
194 13
192 127
115 13
206 109
187 31
88 200
58 134
163 80
31 106
149 69
21 132
133 155
123 68
86 23
182 176
60 153
121 10
53 58
28 80
98 141
21 52
141 92
79 142
41 9
74 25
130 182
112 139
118 119
168 193
202 187
19 49
135 107
145 90
20 10
136 71
41 73
2 55
29 106
57 100
147 130
74 178
164 177
193 42
130 5
194 132
89 199
188 120
137 172
20 196
120 79
75 144
65 41
76 45
145 195
162 120
205 64
159 189
101 63
124 127
138 58
98 70
88 44
82 151
205 203
171 178
196 119
113 92
199 115
51 44
209 193
84 129
42 41
148 196
103 68
33 160
64 20
91 51
81 187
86 33
176 168
17 23
172 79
17 70
22 47
150 146
153 166
84 30
99 42
66 180
64 200
202 172
196 32
33 53
113 3
43 25
137 94
128 107
63 178
55 165
152 141
182 166
137 141
80 119
182 143
45 138
100 140
209 131
0 55
145 122
61 133
46 28
44 209
176 106
69 75
3 184
54 47
182 23
6 199
87 98
170 199
7 38
181 110
127 202
201 101
30 105
202 57
176 140
123 189
38 142
163 187
122 35
159 3
43 126
178 140
194 31
124 200
147 111
90 206
109 181
123 117
104 181
45 85
134 69
193 205
7 143
58 139
102 57
93 17
132 203
144 179
34 19
189 5
56 117
21 121
89 114
169 146
44 24
90 127
50 85
38 52
96 107
97 58
65 93
120 46
167 23
154 60
129 174
197 12
167 187
120 175
155 71
180 72
32 185
17 111
117 48
130 177
183 79
62 150
17 152
134 16
89 29
86 18
17 84
57 66
98 136
32 21
38 196
41 82
75 110
136 109
105 137
156 6
41 71
61 24
75 82
123 87
92 106
185 55
205 174
145 144
127 122
101 124
3 148
99 97
45 55
8 100
109 78
83 134
131 21
126 101
62 146
124 21
43 47
130 195
20 25
160 5
99 184
22 67
160 130
156 121
29 154
126 175
162 126
168 47
66 196
175 21
49 15
197 85
1 111
185 77
110 7
113 117
179 135
41 87
137 159
154 143
16 14
195 29
89 46
139 16
78 46
127 106
44 100
47 21
93 191
122 2
12 106
87 193
57 103
152 125
141 15
202 189
63 2
27 120
182 85
142 170
201 39
118 190
183 171
92 1
101 204
68 52
121 112
115 187
54 75
76 39
192 90
121 25
155 131
25 46
148 123
169 33
114 198
87 79
64 36
81 27
209 198
3 194
156 113
162 137
28 26
203 165
186 57
39 88
71 3
84 108
196 180
104 185
184 134
172 3
7 18
94 145
46 126
195 116
18 202
66 45
8 116
70 22
41 75
91 17
0 151
107 50
153 68
29 107
158 60
42 153
132 165
204 172
180 18
100 20
33 138
25 90
156 12
209 197
100 80
26 166
66 86
145 106
124 116
139 195
195 208
135 133
106 75
68 140
118 48
0 178
113 134
112 90
21 83
144 114
44 71
148 81
63 122
63 121
26 25
209 94
163 3
102 40
161 185
180 157
208 0
132 23
40 5
174 125
198 157
198 32
141 172
41 61
125 107
77 162
25 151
164 46
117 206
108 112
36 204
181 183
15 19
209 29
92 13
164 3
108 52
61 37
59 26
109 91
119 63
200 153
108 15
197 25
110 120
53 29
127 94
181 35
54 56
55 124
180 85
30 117
69 22
153 43
59 10
150 139
129 204
193 8
95 62
148 6
167 113
62 8
119 169
12 203
158 3
139 124
204 105
146 191
108 177
127 191
189 125
17 21
206 21
154 10
142 18
138 204
127 39
19 189
127 165
107 169
42 107
91 120
162 13
159 86
105 93
164 93
141 203
161 167
121 138
180 203
105 161
200 8
150 21
106 64
75 80
107 102
34 97
25 55
145 168
169 194
91 50
105 20
145 102
131 136
181 134
107 9
163 97
110 201
159 82
39 204
167 138
190 52
89 145
150 53
82 23
175 108
143 174
206 43
189 55
178 51
69 188
191 154
200 156
81 118
190 77
104 29
198 17
196 155
191 172
179 38
139 68
28 52
123 128
182 78
13 192
105 121
101 147
97 18
26 97
20 53
179 202
94 99
19 131
127 114
41 151
200 81
48 89
34 190
207 70
14 40
37 56
88 107
71 39
181 2
75 18
125 154
11 9
12 184
63 203
63 116
171 112
65 163
50 22
33 102
205 4
143 175
171 34
190 92
67 81
209 27
197 147
107 150
112 169
179 57
24 72
195 117
165 170
177 205
113 187
138 142
106 138
109 160
181 196
208 122
138 27
34 48
156 203
133 15
144 135
170 38
41 22
31 185
44 134
119 13
99 130
195 65
153 194
178 13
118 169
148 26
101 120
110 65
82 136
36 91
87 187
56 124
80 34
190 206
0 94
50 108
60 159
159 2
79 198
125 158
4 116
157 117
204 64
12 96
115 141
164 79
199 160
176 67
53 100
198 158
184 188
27 83
41 148
63 115
66 6
63 153
65 67
179 23
83 198
72 31
20 65
99 196
49 91
87 46
194 51
203 188
106 115
56 128
147 198
8 137
81 55
143 134
197 105
82 126
204 86
67 152
148 18
33 142
6 185
139 9
69 208
4 137
132 108
134 124
140 95
185 102
48 137
40 114
189 6
33 166
198 107
76 22
197 6
92 31
127 44
37 54
186 16
206 11
35 34
30 112
45 24
19 164
46 199
21 127
105 160
64 148
45 181
147 89
40 177
172 50
182 8
117 147
22 157
183 10
4 20
17 95
148 207
28 36
78 184
33 8
99 74
197 38
69 74
77 208
117 22
49 13
175 24
93 132
152 200
78 160
55 75
192 133
110 64
188 64
57 101
37 146
154 42
48 131
141 132
56 185
83 165
74 113
36 168
128 6
9 39
33 0
172 17
199 111
146 15
197 170
40 112
92 65
172 85
57 5
105 19
118 130
123 91
71 174
141 162
42 140
99 75
20 200
134 18
110 205
71 146
150 135
136 139
109 40
94 194
17 59
191 37
107 104
154 37
49 86
23 205
100 94
157 56
110 137
131 70
176 153
179 63
0 179
30 49
172 80
5 22
13 70
134 196
171 23
96 86
40 87
74 143
6 83
0 3
89 17
34 168
8 7
32 143
186 201
153 142
75 131
124 40
107 205
54 45
91 209
36 192
84 167
206 184
112 89
73 144
29 131
33 179
15 126
102 103
174 34
25 127
78 136
11 179
152 55
107 199
80 165
195 66
79 101
137 176
122 75
93 26
117 205
11 126
125 110
171 45
83 59
59 126
88 120
154 30
112 109
190 36
7 2
14 91
16 25
117 32
116 140
110 33
108 37
52 84
201 97
34 106
110 66
163 29
107 141
193 129
46 24
114 79
200 155
150 202
150 1
1 143
200 87
53 199
154 120
90 200
149 179
70 143
136 81
127 8
130 54
52 179
51 188
87 203
162 96
133 86
92 120
198 9
35 60
55 131
182 90
183 149
13 72
200 107
148 23
138 98
153 202
51 59
64 35
