30
22 20
28 6
7 22
16 11
14 24
19 24
23 13
8 14
6 19
0 6
6 29
1 26
6 26
28 12
1 13
7 0
6 15
21 24
13 25
24 3
29 15
5 28
19 26
29 20
7 14
25 7
4 1
17 9
24 18
6 14
29 7
21 10
6 11
8 7
25 17
5 26
9 6
5 1
20 7
14 13
3 8
0 8
15 25
20 8
4 27
24 29
25 16
23 11
22 25
2 17
28 17
29 21
20 23
0 18
17 0
8 9
24 7
9 2
3 13
2 6
25 14
19 5
0 29
3 16
18 28
15 24
0 21
10 26
20 14
4 0
3 18
11 24
5 16
13 7
13 16
22 16
28 21
0 27
21 27
2 19
11 21
11 4
28 20
9 23
8 17
18 22
22 6
22 27
16 28
14 28
16 6
18 15
23 28
15 5
2 22
10 11
2 20
6 27
4 7
2 11
7 23
22 15
10 19
5 12
12 13
24 8
11 29
14 2
15 10
3 14
10 6
8 29
26 2
16 15
10 20
23 26
13 8
1 27
29 26
14 15
28 29
27 15
4 15
12 19
15 13
12 14
24 9
5 23
5 7
8 12
21 2
27 7
2 12
25 28
21 19
1 11
13 21
4 10
5 27
18 1
23 22
3 1
8 6
19 7
23 24
4 22
9 1
29 22
13 11
13 5
21 6
1 10
16 20
27 2
23 0
18 21
21 8
23 1
4 20
11 28
5 6
10 9
19 15
10 0
