0 41
0 404
0 416
0 443
0 451
0 523
0 544
0 550
0 567
0 569
0 582
0 601
0 712
0 767
0 786
0 793
0 811
0 854
0 967
0 1119
1 28
1 32
1 46
1 51
1 53
1 54
1 58
1 79
1 88
1 91
1 94
1 100
1 104
1 106
1 116
1 117
1 125
1 130
1 131
1 132
1 138
1 142
1 145
1 147
1 149
1 150
1 153
1 154
1 162
1 164
1 165
1 169
1 171
1 173
1 183
1 190
1 191
1 195
1 196
1 199
1 202
1 204
1 205
1 206
1 209
1 212
1 214
1 216
1 231
1 233
1 237
1 239
1 242
1 246
1 251
1 252
1 256
1 257
1 259
1 265
1 270
1 272
1 278
1 279
1 280
1 286
1 287
1 288
1 289
1 290
1 291
1 292
1 293
1 302
1 308
1 321
2 57
2 79
2 141
2 151
2 164
2 172
2 194
2 195
2 209
2 265
2 289
2 292
2 293
2 295
2 325
2 333
2 352
2 465
2 476
2 498
2 531
2 589
2 633
2 664
2 695
2 741
2 816
2 862
2 903
2 907
2 914
2 926
2 941
2 943
2 966
2 1035
2 1092
2 1183
2 1388
2 1431
2 1493
2 1579
2 1596
2 1645
2 1647
2 1689
2 1753
2 1787
2 1791
2 1836
2 1966
3 28
3 43
3 81
3 87
3 94
3 110
3 116
3 146
3 161
3 164
3 177
3 190
3 195
3 196
3 199
3 202
3 211
3 216
3 221
3 222
3 223
3 224
3 226
3 234
3 242
3 274
3 289
3 290
3 291
3 294
3 296
3 300
3 302
3 351
3 358
3 363
3 366
3 371
3 395
3 397
3 400
3 403
3 405
3 406
3 407
3 408
3 410
3 417
3 419
3 425
3 432
3 439
3 441
3 446
3 463
3 464
3 465
3 466
3 468
3 472
3 474
3 476
3 479
3 480
3 485
3 486
3 488
3 490
3 493
3 501
3 504
3 517
3 518
3 519
3 525
3 530
3 536
3 539
3 542
3 545
3 548
3 553
3 559
3 563
3 565
3 570
3 577
3 582
3 583
3 585
3 587
3 588
3 590
3 594
3 595
3 600
3 625
3 633
3 651
3 653
3 678
3 688
3 705
3 706
3 712
3 713
3 717
3 720
3 721
3 722
3 724
3 726
3 727
3 728
3 734
3 735
3 737
3 738
3 742
3 743
3 747
3 748
3 751
3 756
3 757
3 758
3 759
3 760
3 761
3 762
3 763
3 764
3 765
3 766
3 767
3 769
3 770
3 771
3 772
3 775
3 781
3 782
3 783
3 784
3 789
3 791
3 793
3 794
3 799
3 802
3 803
3 809
3 825
3 833
3 840
3 842
3 844
3 853
3 856
3 868
3 886
3 889
3 890
3 893
3 899
3 904
3 914
3 919
3 923
3 929
3 930
3 931
3 932
3 933
3 935
3 937
3 945
3 947
3 948
3 952
3 953
3 959
3 960
3 967
3 972
3 973
3 975
3 986
3 992
3 993
3 994
3 997
3 998
3 1004
3 1005
3 1007
3 1021
3 1031
3 1032
3 1038
3 1040
3 1044
3 1045
3 1205
4 22
4 46
4 76
4 87
4 91
4 135
4 156
4 186
4 195
4 199
4 202
4 209
4 224
4 252
4 287
4 289
4 295
4 297
4 338
4 351
4 358
4 371
4 400
4 409
4 462
4 487
4 508
4 559
4 590
4 598
4 615
4 625
4 656
4 664
4 674
4 676
4 708
4 717
4 721
4 723
4 739
4 758
4 805
4 811
4 828
4 848
4 860
4 899
4 903
4 908
4 926
4 929
4 960
4 978
4 1009
4 1025
4 1071
4 1132
4 1176
4 1182
4 1209
4 1212
4 1216
4 1218
4 1257
4 1258
4 1280
4 1305
4 1334
4 1342
4 1373
4 1381
4 1388
4 1407
4 1431
4 1433
4 1440
4 1460
4 1476
4 1492
4 1493
4 1502
4 1522
4 1546
4 1632
4 1633
4 1645
4 1647
4 1650
4 1700
4 1701
4 1702
4 1716
4 1719
4 1725
4 1731
4 1744
4 1745
4 1746
4 1782
5 80
5 97
5 110
5 163
5 296
5 358
5 471
5 511
5 519
5 535
5 542
5 579
5 646
5 657
5 669
5 692
5 702
5 725
5 736
5 754
5 791
5 860
5 863
5 864
5 871
5 892
5 902
5 919
5 925
5 950
5 996
5 1009
5 1054
5 1130
5 1292
5 1338
5 1452
5 1571
5 1579
5 1596
5 1630
5 1647
5 1656
5 1661
6 20
6 28
6 35
6 41
6 43
6 47
6 76
6 79
6 81
6 87
6 92
6 121
6 124
6 146
6 153
6 170
6 172
6 177
6 179
6 187
6 194
6 195
6 196
6 199
6 202
6 209
6 211
6 242
6 252
6 268
6 272
6 274
6 279
6 289
6 290
6 291
6 292
6 294
6 295
6 300
6 312
6 318
6 321
6 322
6 325
6 326
6 328
6 334
6 337
6 375
6 410
6 417
6 419
6 420
6 432
6 439
6 443
6 446
6 448
6 464
6 465
6 466
6 476
6 486
6 489
6 490
6 494
6 501
6 503
6 530
6 534
6 536
6 544
6 545
6 548
6 553
6 555
6 559
6 575
6 582
6 583
6 584
6 585
6 586
6 587
6 599
6 601
6 603
7 42
7 50
7 51
7 53
7 79
7 146
7 158
7 164
7 172
7 195
7 233
7 262
7 264
7 265
7 275
7 290
7 293
7 303
7 344
7 351
7 464
7 465
7 466
7 476
7 485
7 490
7 518
7 519
7 525
7 530
7 548
7 555
7 579
7 594
7 598
7 617
7 627
7 642
7 643
7 653
7 661
7 673
7 674
7 692
7 717
7 741
7 765
7 780
7 794
7 812
7 818
7 819
7 827
7 847
7 860
7 871
7 914
7 926
7 929
7 931
7 933
7 935
7 941
7 943
7 960
7 966
7 1014
7 1107
7 1180
7 1182
7 1201
7 1208
7 1213
7 1223
7 1244
7 1252
7 1281
7 1325
7 1328
7 1334
7 1336
7 1341
7 1342
7 1353
7 1392
7 1402
7 1407
7 1428
7 1429
7 1431
7 1452
7 1458
7 1493
7 1494
7 1537
7 1539
7 1541
7 1577
7 1579
7 1596
7 1599
7 1639
7 1656
7 1660
7 1661
7 1713
7 1716
7 1717
7 1721
7 1725
7 1742
7 1744
7 1748
7 1750
7 1751
7 1752
8 20
8 32
8 39
8 45
8 51
8 172
8 251
8 259
8 265
8 268
8 293
8 299
8 323
8 414
8 455
8 578
8 579
8 604
8 624
8 634
8 655
8 656
8 661
8 664
8 676
8 741
8 776
8 781
8 800
8 803
8 805
8 806
8 810
8 811
8 812
8 836
8 839
8 849
8 858
8 859
8 865
8 871
8 889
8 926
8 942
9 53
9 93
9 172
9 186
9 187
9 292
9 324
9 410
9 425
9 434
9 441
9 464
9 465
9 466
9 468
9 476
9 486
9 501
9 548
9 579
9 605
9 608
9 616
9 639
9 659
9 661
9 663
9 696
9 708
9 768
9 824
9 842
9 845
9 865
9 871
9 938
9 939
9 940
9 941
9 949
9 950
9 955
9 962
9 977
9 981
9 988
10 53
10 61
10 85
10 107
10 164
10 333
10 336
10 374
10 402
10 469
10 603
10 706
10 746
10 880
10 926
10 1075
10 1431
10 1515
10 1683
10 1784
10 1795
10 1834
10 1905
10 1928
10 1935
10 1945
10 1947
10 1948
10 1951
10 1990
10 2013
10 2015
10 2018
10 2049
10 2055
10 2061
10 2102
10 2108
11 145
11 266
11 271
11 299
11 313
11 325
11 326
11 403
11 407
11 418
11 465
11 481
11 486
11 493
11 498
11 551
11 585
11 594
11 646
11 667
11 801
11 828
11 855
11 864
11 894
11 966
11 1013
11 1015
11 1025
11 1026
11 1053
11 1061
11 1071
11 1082
11 1135
11 1136
11 1137
11 1143
11 1144
11 1145
11 1146
11 1147
11 1149
11 1150
11 1152
11 1154
11 1155
11 1156
11 1157
11 1158
11 1161
11 1162
11 1163
11 1164
11 1166
11 1167
11 1168
11 1169
11 1171
11 1172
11 1470
12 20
12 51
12 79
12 156
12 164
12 172
12 195
12 198
12 242
12 264
12 265
12 267
12 288
12 291
12 367
12 371
12 402
12 519
12 525
12 706
12 717
12 828
12 871
12 872
12 925
12 926
12 935
12 956
12 960
12 1009
12 1014
12 1040
12 1069
12 1112
12 1257
12 1259
12 1260
12 1305
12 1323
12 1325
12 1341
12 1458
12 1493
12 1596
12 1606
12 1813
12 1836
12 1866
12 1899
12 1932
12 1954
12 1989
12 2027
13 294
13 464
13 664
13 744
13 828
13 837
13 889
13 899
13 914
13 917
13 920
13 944
13 1009
13 1018
13 1024
13 1063
13 1111
13 1130
13 1194
13 1196
14 20
14 21
14 24
14 25
14 28
14 29
14 30
14 31
14 32
14 34
14 35
14 36
14 38
14 42
14 43
14 45
14 46
14 49
14 51
14 53
14 54
14 58
14 61
14 66
14 71
14 72
14 75
14 76
14 78
14 79
14 80
14 81
14 83
14 84
14 89
14 90
14 91
14 94
14 96
14 99
14 100
14 101
14 102
14 103
14 104
14 108
14 109
14 111
14 112
14 115
14 116
14 118
14 120
14 121
14 125
14 127
14 128
14 129
14 131
14 132
14 134
14 135
14 136
14 137
14 138
14 139
14 140
14 141
14 144
14 145
14 146
14 149
14 160
14 162
14 163
14 164
14 165
14 166
14 167
14 168
14 170
14 171
14 172
14 174
14 177
14 181
14 183
14 185
14 186
14 190
14 192
14 194
14 195
14 196
14 199
14 202
14 204
14 205
14 206
14 207
14 209
14 211
14 212
14 220
14 221
14 222
14 223
14 224
14 225
14 226
14 231
14 233
14 236
14 238
14 239
14 242
14 243
14 245
14 246
14 250
14 252
14 256
14 257
14 262
14 264
14 265
14 269
14 272
14 273
14 274
14 275
14 277
14 279
14 281
14 282
14 283
14 284
14 287
14 288
14 289
14 290
14 291
14 292
14 293
14 294
14 297
14 299
14 300
14 303
14 305
14 306
14 310
14 311
14 314
14 315
14 318
14 321
14 322
14 323
14 325
14 328
14 329
14 330
14 331
14 333
14 334
14 335
14 336
14 337
14 338
14 339
14 340
14 341
14 342
14 343
14 346
14 347
14 349
14 351
14 352
14 356
14 358
14 359
14 361
14 362
14 363
14 364
14 365
14 366
14 367
14 369
14 371
14 372
14 373
14 374
14 375
14 376
14 380
14 386
14 394
14 399
14 409
14 410
14 411
14 413
14 414
14 415
14 417
14 419
14 422
14 424
14 425
14 428
14 429
14 430
14 431
14 432
14 433
14 434
14 437
14 441
14 445
14 446
14 447
14 448
14 450
14 452
14 454
14 456
14 457
14 458
14 460
14 461
14 462
14 464
14 465
14 466
14 467
14 468
14 469
14 470
14 471
14 472
14 473
14 474
14 475
14 476
14 477
14 478
14 479
14 480
14 481
14 483
14 484
14 485
14 486
14 487
14 488
14 489
14 490
14 492
14 493
14 494
14 496
14 497
14 498
14 501
14 504
14 505
14 507
14 508
14 509
14 510
14 511
14 512
14 513
14 515
14 518
14 519
14 520
14 522
14 523
14 524
14 525
14 526
14 527
14 530
14 532
14 535
14 537
14 538
14 540
14 541
14 544
14 545
14 546
14 547
14 548
14 550
14 552
14 555
14 556
14 557
14 559
14 560
14 564
14 565
14 567
14 568
14 577
14 579
14 580
14 581
14 588
14 590
14 593
14 594
14 597
14 598
14 599
14 600
14 601
14 602
14 607
14 609
14 610
14 611
14 612
14 613
14 614
14 615
14 617
14 618
14 619
14 620
14 621
14 622
14 623
14 625
14 626
14 627
14 628
14 629
14 630
14 632
14 633
14 634
14 635
14 636
14 637
14 638
14 640
14 641
14 642
14 643
14 645
14 646
14 647
14 648
14 649
14 650
14 651
14 652
14 654
14 655
14 656
14 658
14 659
14 660
14 661
14 662
14 663
14 664
14 665
14 666
14 667
14 668
14 669
14 670
14 671
14 672
14 673
14 674
14 675
14 676
14 677
14 678
14 679
14 681
14 682
14 683
14 684
14 685
14 686
14 687
14 689
14 690
14 691
14 692
14 693
14 694
14 697
14 698
14 699
14 700
14 702
14 703
14 704
14 705
14 707
14 708
14 709
14 710
14 711
14 712
14 713
14 714
14 715
14 717
14 718
14 719
14 721
14 722
14 723
14 724
14 727
14 728
14 729
14 730
14 731
14 732
14 735
14 736
14 737
14 740
14 741
14 745
14 748
14 749
14 750
14 751
14 755
14 765
14 767
14 768
14 772
14 775
14 777
14 778
14 779
14 781
14 785
14 786
14 788
14 789
14 790
14 791
14 792
14 794
14 796
14 797
14 798
14 799
14 803
14 804
14 805
14 806
14 807
14 808
14 809
14 810
14 811
14 812
14 813
14 814
14 815
14 816
14 817
14 818
14 819
14 820
14 821
14 822
14 823
14 826
14 827
14 828
14 829
14 830
14 831
14 832
14 833
14 834
14 835
14 836
14 838
14 839
14 841
14 842
14 843
14 846
14 848
14 849
14 850
14 851
14 852
14 854
14 856
14 857
14 858
14 859
14 860
14 861
14 863
14 865
14 866
14 867
14 869
14 870
14 871
14 872
14 873
14 874
14 875
14 876
14 877
14 878
14 879
14 881
14 882
14 883
14 884
14 887
14 888
14 889
14 890
14 891
14 892
14 895
14 898
14 899
14 900
14 902
14 904
14 905
14 906
14 907
14 908
14 909
14 910
14 911
14 912
14 913
14 914
14 915
14 916
14 918
14 919
14 921
14 922
14 924
14 925
14 926
14 927
14 928
14 929
14 931
14 932
14 933
14 934
14 936
14 940
14 941
14 943
14 946
14 949
14 950
14 954
14 956
14 957
14 958
14 959
14 960
14 961
14 963
14 964
14 965
14 966
14 968
14 969
14 970
14 971
14 973
14 974
14 976
14 978
14 979
14 980
14 981
14 982
14 983
14 984
14 985
14 988
14 989
14 990
14 991
14 993
14 995
14 996
14 997
14 999
14 1000
14 1001
14 1002
14 1003
14 1004
14 1005
14 1006
14 1007
14 1008
14 1009
14 1010
14 1011
14 1012
14 1013
14 1014
14 1015
14 1016
14 1017
14 1018
14 1019
14 1020
14 1022
14 1023
14 1024
14 1025
14 1027
14 1028
14 1029
14 1032
14 1033
14 1034
14 1036
14 1037
14 1039
14 1040
14 1041
14 1042
14 1043
14 1045
14 1046
14 1047
14 1048
14 1049
14 1050
14 1051
14 1052
14 1053
14 1054
14 1055
14 1056
14 1057
14 1058
14 1059
14 1060
14 1062
14 1064
14 1065
14 1066
14 1067
14 1068
14 1071
14 1072
14 1073
14 1074
14 1076
14 1077
14 1078
14 1079
14 1080
14 1081
14 1083
14 1084
14 1085
14 1086
14 1087
14 1088
14 1090
14 1091
14 1092
14 1093
14 1094
14 1095
14 1096
14 1097
14 1098
14 1099
14 1100
14 1101
14 1102
14 1103
14 1104
14 1105
14 1106
14 1107
14 1108
14 1109
14 1110
14 1111
14 1112
14 1113
14 1114
14 1115
14 1116
14 1117
14 1118
14 1119
14 1121
14 1122
14 1123
14 1124
14 1125
14 1126
14 1127
14 1128
14 1129
14 1130
14 1131
14 1133
14 1134
14 1138
14 1139
14 1140
14 1141
14 1142
14 1144
14 1145
14 1146
14 1148
14 1149
14 1151
14 1152
14 1153
14 1154
14 1159
14 1160
14 1161
14 1162
14 1165
14 1170
14 1173
14 1174
14 1175
14 1176
14 1177
14 1178
14 1179
14 1181
14 1182
14 1183
14 1184
14 1185
14 1186
14 1187
14 1188
14 1189
14 1190
14 1191
14 1192
14 1193
14 1194
14 1195
14 1196
14 1197
14 1198
14 1199
14 1200
14 1201
14 1202
14 1203
14 1204
14 1205
14 1206
14 1207
14 1208
14 1209
14 1210
14 1211
14 1212
14 1213
14 1214
14 1215
14 1216
14 1217
14 1218
14 1219
14 1220
14 1221
14 1222
14 1223
14 1224
14 1225
14 1226
14 1227
14 1228
14 1229
14 1230
14 1231
14 1232
14 1233
14 1234
14 1235
14 1236
14 1237
14 1238
14 1239
14 1240
14 1241
14 1242
14 1243
14 1244
14 1246
14 1247
14 1248
14 1249
14 1250
14 1251
14 1252
14 1253
14 1254
14 1255
14 1256
14 1257
14 1258
14 1259
14 1260
14 1261
14 1262
14 1263
14 1264
14 1265
14 1266
14 1267
14 1268
14 1269
14 1270
14 1271
14 1272
14 1273
14 1274
14 1275
14 1277
14 1279
14 1280
14 1281
14 1282
14 1283
14 1284
14 1285
14 1287
14 1288
14 1289
14 1290
14 1291
14 1292
14 1293
14 1294
14 1296
14 1297
14 1298
14 1299
14 1300
14 1301
14 1302
14 1303
14 1304
14 1305
14 1306
14 1307
14 1308
14 1310
14 1311
14 1312
14 1313
14 1314
14 1315
14 1317
14 1318
14 1319
14 1320
14 1321
14 1322
14 1323
14 1324
14 1325
14 1326
14 1327
14 1328
14 1329
14 1330
14 1331
14 1332
14 1333
14 1334
14 1336
14 1337
14 1338
14 1339
14 1340
14 1341
14 1342
14 1343
14 1344
14 1345
14 1346
14 1347
14 1349
14 1351
14 1354
14 1355
14 1357
14 1358
14 1360
14 1361
14 1362
14 1363
14 1365
14 1366
14 1367
14 1368
14 1369
14 1370
14 1371
14 1372
14 1373
14 1374
14 1375
14 1376
14 1377
14 1378
14 1379
14 1380
14 1381
14 1382
14 1383
14 1385
14 1386
14 1387
14 1388
14 1389
14 1390
14 1391
14 1392
14 1394
14 1395
14 1396
14 1397
14 1398
14 1399
14 1400
14 1401
14 1402
14 1403
14 1404
14 1405
14 1406
14 1407
14 1408
14 1409
14 1410
14 1411
14 1412
14 1413
14 1414
14 1415
14 1416
14 1417
14 1418
14 1419
14 1420
14 1421
14 1423
14 1425
14 1426
14 1427
14 1428
14 1429
14 1430
14 1431
14 1432
14 1433
14 1437
14 1438
14 1439
14 1440
14 1443
14 1444
14 1446
14 1447
14 1448
14 1449
14 1450
14 1452
14 1453
14 1454
14 1455
14 1456
14 1457
14 1458
14 1459
14 1460
14 1461
14 1462
14 1463
14 1464
14 1465
14 1467
14 1468
14 1469
14 1471
14 1474
14 1476
14 1478
14 1479
14 1480
14 1481
14 1483
14 1484
14 1485
14 1488
14 1489
14 1490
14 1491
14 1492
14 1493
14 1494
14 1495
14 1497
14 1498
14 1499
14 1500
14 1501
14 1502
14 1503
14 1506
14 1507
14 1509
14 1510
14 1511
14 1513
14 1514
14 1516
14 1517
14 1519
14 1521
14 1522
14 1524
14 1526
14 1529
14 1530
14 1532
14 1533
14 1535
14 1536
14 1537
14 1538
14 1539
14 1540
14 1541
14 1542
14 1543
14 1544
14 1545
14 1546
14 1547
14 1548
14 1549
14 1550
14 1551
14 1553
14 1554
14 1555
14 1557
14 1559
14 1560
14 1561
14 1562
14 1565
14 1566
14 1571
14 1574
14 1575
14 1577
14 1578
14 1579
14 1580
14 1581
14 1583
14 1584
14 1587
14 1588
14 1589
14 1590
14 1591
14 1592
14 1593
14 1594
14 1595
14 1596
14 1597
14 1598
14 1599
14 1600
14 1601
14 1602
14 1603
14 1604
14 1605
14 1607
14 1608
14 1609
14 1611
14 1615
14 1618
14 1622
14 1626
14 1627
14 1628
14 1629
14 1630
14 1632
14 1633
14 1636
14 1637
14 1638
14 1640
14 1641
14 1645
14 1646
14 1647
14 1648
14 1649
14 1650
14 1651
14 1652
14 1654
14 1656
14 1657
14 1658
14 1659
14 1661
14 1662
14 1663
14 1664
14 1666
14 1667
14 1668
14 1669
14 1670
14 1671
14 1672
14 1673
14 1674
14 1676
14 1678
14 1680
14 1681
14 1682
14 1684
14 1685
14 1686
14 1690
14 1692
14 1694
14 1696
14 1698
14 1699
14 1700
14 1701
14 1703
14 1704
14 1705
14 1708
14 1709
14 1713
14 1714
14 1715
14 1716
14 1717
14 1719
14 1721
14 1722
14 1723
14 1724
14 1725
14 1726
14 1727
14 1728
14 1730
14 1731
14 1732
14 1733
14 1734
14 1735
14 1736
14 1737
14 1739
14 1740
14 1741
14 1742
14 1743
14 1747
14 1749
14 1752
14 1753
14 1754
14 1755
14 1756
14 1757
14 1758
14 1759
14 1760
14 1761
14 1762
14 1763
14 1764
14 1765
14 1766
14 1767
14 1768
14 1769
14 1770
14 1771
14 1772
14 1773
14 1774
14 1775
14 1776
14 1777
14 1779
14 1780
14 1781
14 1782
14 1783
14 1784
14 1785
14 1786
14 1788
14 1789
14 1790
14 1792
14 1793
14 1794
14 1796
14 1798
14 1799
14 1800
14 1801
14 1802
14 1803
14 1804
14 1805
14 1806
14 1807
14 1808
14 1809
14 1810
14 1812
14 1813
14 1814
14 1815
14 1816
14 1817
14 1818
14 1819
14 1820
14 1821
14 1822
14 1823
14 1824
14 1825
14 1826
14 1827
14 1828
14 1829
14 1830
14 1831
14 1832
14 1834
14 1836
14 1837
14 1838
14 1839
14 1840
14 1841
14 1842
14 1843
14 1844
14 1845
14 1846
14 1847
14 1848
14 1849
14 1850
14 1851
14 1852
14 1853
14 1854
14 1855
14 1856
14 1857
14 1858
14 1859
14 1860
14 1861
14 1862
14 1863
14 1864
14 1867
14 1868
14 1869
14 1870
14 1871
14 1872
14 1873
14 1874
14 1875
14 1876
14 1877
14 1878
14 1879
14 1880
14 1881
14 1882
14 1883
14 1884
14 1885
14 1886
14 1887
14 1888
14 1889
14 1890
14 1891
14 1892
14 1893
14 1894
14 1895
14 1896
14 1897
14 1898
14 1900
14 1901
14 1902
14 1903
14 1904
14 1905
14 1906
14 1907
14 1908
14 1909
14 1910
14 1911
14 1912
14 1913
14 1914
14 1915
14 1916
14 1917
14 1918
14 1919
14 1920
14 1921
14 1922
14 1923
14 1924
14 1925
14 1926
14 1927
14 1928
14 1929
14 1930
14 1931
14 1932
14 1933
14 1934
14 1935
14 1936
14 1937
14 1938
14 1939
14 1940
14 1941
14 1942
14 1943
14 1944
14 1945
14 1946
14 1947
14 1948
14 1949
14 1950
14 1952
14 1953
14 1954
14 1955
14 1956
14 1957
14 1958
14 1959
14 1960
14 1961
14 1962
14 1963
14 1964
14 1965
14 1967
14 1968
14 1969
14 1970
14 1971
14 1972
14 1973
14 1974
14 1975
14 1976
14 1977
14 1978
14 1979
14 1980
14 1981
14 1982
14 1983
14 1984
14 1985
14 1986
14 1987
14 1988
14 1989
14 1990
14 1991
14 1992
14 1993
14 1994
14 1995
14 1996
14 1997
14 1998
14 1999
14 2000
14 2001
14 2002
14 2003
14 2004
14 2005
14 2006
14 2007
14 2008
14 2009
14 2010
14 2011
14 2012
14 2013
14 2014
14 2015
14 2016
14 2017
14 2019
14 2020
14 2021
14 2022
14 2023
14 2024
14 2025
14 2026
14 2027
14 2028
14 2029
14 2030
14 2031
14 2032
14 2033
14 2034
14 2035
14 2036
14 2037
14 2038
14 2039
14 2040
14 2041
14 2042
14 2043
14 2044
14 2045
14 2046
14 2047
14 2048
14 2049
14 2050
14 2051
14 2052
14 2053
14 2054
14 2056
14 2057
14 2058
14 2059
14 2060
14 2061
14 2062
14 2063
14 2064
14 2065
14 2066
14 2067
14 2068
14 2069
14 2070
14 2071
14 2072
14 2073
14 2074
14 2075
14 2076
14 2077
14 2078
14 2079
14 2080
14 2081
14 2082
14 2083
14 2084
14 2085
14 2086
14 2087
14 2088
14 2089
14 2090
14 2091
14 2092
14 2093
14 2094
14 2095
14 2096
14 2097
14 2098
14 2099
14 2100
14 2101
14 2102
14 2103
14 2104
14 2105
14 2106
14 2107
14 2109
14 2110
14 2111
14 2112
14 2113
14 2114
14 2115
14 2116
14 2117
14 2118
14 2119
14 2120
14 2121
14 2122
14 2123
14 2124
14 2125
14 2126
14 2127
14 2128
14 2129
14 2130
14 2131
14 2132
14 2133
14 2134
14 2135
14 2136
14 2137
14 2138
14 2139
14 2140
14 2141
14 2142
14 2143
14 2144
14 2145
14 2146
14 2147
14 2148
14 2149
14 2150
14 2151
14 2152
14 2153
14 2154
14 2155
14 2156
14 2157
14 2158
14 2159
14 2160
14 2161
14 2162
14 2163
14 2164
14 2165
14 2166
14 2167
14 2168
14 2169
14 2170
14 2171
14 2172
14 2173
14 2174
14 2175
14 2176
14 2177
14 2178
14 2179
14 2180
14 2181
14 2182
14 2183
14 2184
14 2185
14 2186
14 2187
14 2188
14 2189
14 2190
14 2191
14 2192
14 2193
14 2194
14 2195
14 2196
14 2197
14 2198
14 2199
14 2200
14 2201
14 2202
14 2203
14 2204
14 2205
14 2206
14 2207
14 2208
14 2209
14 2210
14 2211
14 2212
14 2213
14 2214
14 2215
14 2216
14 2217
14 2218
14 2219
14 2220
14 2221
14 2222
14 2223
14 2224
14 2225
14 2226
14 2227
14 2228
14 2229
14 2230
14 2231
14 2232
14 2233
14 2234
14 2235
14 2236
14 2237
14 2238
14 2239
14 2240
14 2241
14 2242
14 2243
14 2244
14 2245
14 2246
14 2247
14 2248
14 2249
14 2250
14 2251
14 2252
14 2253
15 53
15 172
15 182
15 265
15 330
15 650
15 661
15 717
15 732
15 806
15 865
15 908
15 933
15 943
15 1111
15 1209
15 1245
15 1250
15 1305
15 1314
15 1316
15 1319
15 1342
15 1388
15 1402
15 1462
15 1522
15 1539
15 1594
16 25
16 38
16 40
16 42
16 45
16 51
16 53
16 80
16 108
16 109
16 116
16 119
16 121
16 131
16 138
16 141
16 146
16 160
16 163
16 164
16 167
16 172
16 189
16 195
16 209
16 221
16 242
16 244
16 248
16 265
16 274
16 281
16 291
16 293
16 299
16 315
16 319
16 325
16 333
16 351
16 352
16 358
16 359
16 361
16 363
16 365
16 366
16 373
16 374
16 375
16 377
16 379
16 380
16 383
16 389
16 410
16 418
16 419
16 425
16 428
16 431
16 436
16 446
16 452
16 453
16 462
16 467
16 472
16 476
16 478
16 479
16 484
16 486
16 487
16 493
16 495
16 498
16 499
16 501
16 502
16 505
16 506
16 507
16 509
16 510
16 512
16 513
16 516
16 518
16 523
16 525
16 527
16 530
16 553
16 564
16 573
16 600
16 604
16 609
16 610
16 621
16 631
16 633
16 636
16 642
16 643
16 644
16 648
16 650
16 652
16 653
16 661
16 664
16 666
16 667
16 670
16 680
16 685
16 695
16 707
16 708
16 723
16 730
16 731
16 732
16 738
16 739
16 741
16 752
16 753
16 755
16 770
16 773
16 774
16 787
16 788
16 790
16 795
16 797
16 806
16 818
16 819
16 827
16 839
16 854
16 856
16 858
16 860
16 865
16 868
16 871
16 875
16 879
16 883
16 885
16 892
16 896
16 897
16 899
16 902
16 909
16 911
16 912
16 921
16 926
16 931
16 943
16 951
16 959
16 960
16 965
16 966
16 968
16 978
16 987
16 1012
16 1014
16 1019
16 1039
16 1043
16 1047
16 1062
16 1067
16 1071
16 1077
16 1083
16 1089
16 1090
16 1096
16 1107
16 1108
16 1120
16 1125
16 1126
16 1127
16 1139
16 1142
16 1162
16 1183
16 1189
16 1200
16 1201
16 1219
16 1223
16 1225
16 1241
16 1244
16 1249
16 1250
16 1252
16 1257
16 1276
16 1278
16 1285
16 1286
16 1295
16 1309
16 1321
16 1323
16 1325
16 1328
16 1332
16 1334
16 1336
16 1338
16 1341
16 1342
16 1347
16 1348
16 1350
16 1351
16 1352
16 1356
16 1359
16 1364
16 1372
16 1373
16 1381
16 1384
16 1388
16 1394
16 1399
16 1402
16 1407
16 1412
16 1422
16 1424
16 1428
16 1431
16 1433
16 1434
16 1436
16 1439
16 1441
16 1442
16 1445
16 1446
16 1448
16 1451
16 1452
16 1462
16 1465
16 1466
16 1472
16 1475
16 1477
16 1479
16 1481
16 1482
16 1486
16 1487
16 1491
16 1494
16 1496
16 1497
16 1502
16 1503
16 1505
16 1508
16 1512
16 1518
16 1520
16 1521
16 1522
16 1525
16 1527
16 1528
16 1531
16 1534
16 1539
16 1552
16 1553
16 1555
16 1556
16 1558
16 1559
16 1563
16 1564
16 1567
16 1568
16 1569
16 1570
16 1571
16 1572
16 1573
16 1574
16 1576
16 1579
16 1582
16 1586
16 1587
16 1596
16 1597
16 1599
16 1601
16 1610
16 1612
16 1613
16 1614
16 1615
16 1616
16 1619
16 1620
16 1621
16 1624
16 1625
16 1627
16 1631
16 1634
16 1642
16 1644
16 1645
16 1650
16 1652
16 1653
16 1654
16 1655
16 1657
16 1659
16 1661
16 1663
16 1665
16 1669
16 1670
16 1671
16 1675
16 1677
16 1687
16 1688
16 1691
16 1693
16 1694
16 1695
16 1697
16 1707
16 1710
16 1711
16 1713
16 1714
16 1718
16 1720
16 1722
16 1729
17 24
17 25
17 26
17 27
17 30
17 32
17 33
17 38
17 42
17 45
17 54
17 58
17 62
17 63
17 64
17 65
17 67
17 68
17 70
17 72
17 74
17 86
17 87
17 146
17 208
17 250
17 299
17 303
17 304
17 306
17 307
17 317
17 318
17 320
17 323
17 325
17 327
17 329
17 331
17 332
17 334
17 336
17 337
17 338
17 341
17 344
17 345
17 346
17 348
17 350
17 353
18 20
18 21
18 22
18 23
18 25
18 26
18 27
18 28
18 29
18 30
18 31
18 35
18 36
18 37
18 38
18 40
18 42
18 43
18 44
18 45
18 46
18 48
18 50
18 51
18 52
18 53
18 54
18 55
18 56
18 59
18 60
18 61
18 62
18 69
18 71
18 72
18 73
18 75
18 77
18 79
18 80
18 81
18 82
18 84
18 87
18 89
18 91
18 94
18 95
18 98
18 99
18 101
18 104
18 105
18 109
18 112
18 113
18 114
18 115
18 119
18 120
18 121
18 122
18 123
18 125
18 126
18 128
18 131
18 133
18 134
18 135
18 138
18 140
18 141
18 143
18 145
18 146
18 147
18 148
18 150
18 152
18 155
18 157
18 159
18 160
18 162
18 163
18 164
18 165
18 166
18 167
18 168
18 170
18 172
18 175
18 176
18 177
18 178
18 179
18 180
18 182
18 183
18 184
18 186
18 187
18 188
18 189
18 190
18 191
18 192
18 193
18 195
18 196
18 197
18 199
18 200
18 201
18 202
18 203
18 205
18 206
18 207
18 208
18 209
18 210
18 211
18 212
18 213
18 215
18 217
18 218
18 219
18 220
18 221
18 222
18 224
18 225
18 227
18 228
18 229
18 230
18 231
18 232
18 233
18 234
18 235
18 237
18 238
18 239
18 240
18 241
18 242
18 243
18 244
18 246
18 247
18 249
18 250
18 252
18 253
18 254
18 255
18 256
18 257
18 258
18 259
18 260
18 261
18 262
18 263
18 265
18 266
18 267
18 268
18 269
18 270
18 274
18 276
18 278
18 279
18 281
18 283
18 285
18 287
18 289
18 290
18 291
18 292
18 293
18 294
18 295
18 296
18 297
18 298
18 299
18 300
18 301
18 303
18 306
18 307
18 308
18 309
18 310
18 314
18 316
18 322
18 323
18 325
18 329
18 330
18 334
18 335
18 336
18 337
18 338
18 339
18 340
18 341
18 344
18 351
18 353
18 354
18 355
18 357
18 358
18 359
18 361
18 364
18 365
18 366
18 367
18 368
18 369
18 370
18 372
18 374
18 375
18 377
18 378
18 379
18 380
18 381
18 382
18 384
18 385
18 386
18 387
18 388
18 389
18 390
18 391
18 392
18 393
18 396
18 398
18 400
18 401
18 403
18 404
18 409
18 410
18 411
18 412
18 415
18 416
18 417
18 418
18 419
18 420
18 421
18 422
18 423
18 424
18 425
18 426
18 427
18 428
18 429
18 430
18 431
18 432
18 434
18 435
18 436
18 438
18 440
18 441
18 442
18 443
18 444
18 446
18 448
18 449
18 450
18 453
18 454
18 456
18 457
18 458
18 459
18 462
18 464
18 465
18 466
18 467
18 468
18 469
18 470
18 471
18 472
18 473
18 474
18 476
18 477
18 478
18 479
18 480
18 481
18 482
18 483
18 484
18 485
18 486
18 487
18 488
18 490
18 491
18 492
18 493
18 494
18 496
18 499
18 500
18 501
18 503
18 505
18 507
18 508
18 509
18 510
18 511
18 513
18 514
18 515
18 517
18 518
18 519
18 520
18 521
18 522
18 523
18 525
18 526
18 527
18 528
18 529
18 530
18 531
18 532
18 533
18 534
18 535
18 536
18 539
18 540
18 541
18 542
18 543
18 544
18 545
18 547
18 548
18 549
18 552
18 553
18 554
18 555
18 557
18 558
18 559
18 560
18 561
18 562
18 563
18 564
18 565
18 566
18 567
18 568
18 569
18 570
18 571
18 572
18 573
18 574
18 576
18 577
18 578
18 581
18 582
18 583
18 584
18 585
18 586
18 587
18 588
18 589
18 590
18 591
18 592
18 593
18 594
18 595
18 596
18 597
18 598
18 599
18 600
18 601
18 603
18 606
18 736
18 1335
19 20
19 42
19 43
19 78
19 79
19 91
19 94
19 124
19 135
19 146
19 164
19 170
19 172
19 186
19 195
19 199
19 202
19 211
19 233
19 242
19 251
19 252
19 265
19 289
19 291
19 292
19 293
19 295
19 297
19 299
19 312
19 321
19 325
19 328
19 330
19 334
19 351
19 359
19 360
19 365
19 398
19 432
19 435
19 446
19 448
19 464
19 466
19 471
19 473
19 476
19 508
19 529
19 530
19 550
19 589
19 606
19 633
19 655
19 701
19 716
19 733
19 841
19 871
19 901
19 926
19 956
19 966
19 1015
19 1030
19 1070
19 1101
19 1150
19 1341
19 1393
19 1426
19 1435
19 1473
19 1497
19 1504
19 1523
19 1579
19 1585
19 1617
19 1623
19 1635
19 1643
19 1673
19 1679
19 1706
19 1712
19 1738
19 1778
19 1797
19 1811
19 1833
19 1835
19 1843
19 1865
